Baseline (in m) 0.6 focallength (in pixel) 4266.67
graph matches_graph{
"835.png" -- "836.png"[label="Nm=300, Ni=272, C=2.77551"];
}
H between images 0 and 1:
[0.9997884453681599, -0.001533868709595214, -6.056281522613144;
 0.003824331887590855, 1.000466821859927, -34.50784740739788;
 -3.984127943520453e-06, 9.743121580218659e-07, 1]
H between images 1 and 0:
[1.000230106000572, 0.001527555140783305, 6.110387749037187;
 -0.003685852014506215, 0.9994941779960833, 34.46807002142087;
 3.988635885697706e-06, -9.677333543719918e-07, 0.9999907619068912]
3D matched points: 
srcQ3D_point [-1.63307, -1.95916, 22.4095] dstQ3D_point [-1.66485, -2.14458, 22.4095]
srcQ3D_point [-1.82418, -2.01423, 22.6114] dstQ3D_point [-1.83968, -2.17107, 22.4095]
srcQ3D_point [-1.5695, -2.17107, 22.4095] dstQ3D_point [-1.61571, -2.37772, 22.6114]
srcQ3D_point [-1.51414, -2.30288, 22.6114] dstQ3D_point [-1.53241, -2.46774, 22.4095]
srcQ3D_point [-1.53018, -2.29754, 22.6114] dstQ3D_point [-1.5483, -2.46244, 22.4095]
srcQ3D_point [-1.51414, -2.28684, 22.6114] dstQ3D_point [-1.52711, -2.44655, 22.4095]
srcQ3D_point [-1.5088, -1.85921, 22.6114] dstQ3D_point [-1.52711, -2.02273, 22.4095]
srcQ3D_point [-1.76538, -2.17994, 22.6114] dstQ3D_point [-1.7814, -2.34589, 22.4095]
srcQ3D_point [-1.83968, -1.84791, 22.4095] dstQ3D_point [-1.87147, -2.03333, 22.4095]
srcQ3D_point [-1.61717, -1.95386, 22.4095] dstQ3D_point [-1.64896, -2.13928, 22.4095]
srcQ3D_point [-1.65847, -2.29754, 22.6114] dstQ3D_point [-1.67545, -2.45715, 22.4095]
srcQ3D_point [-1.63837, -1.94856, 22.4095] dstQ3D_point [-1.67015, -2.12869, 22.4095]
srcQ3D_point [-1.70124, -1.97681, 22.6114] dstQ3D_point [-1.71783, -2.13928, 22.4095]
srcQ3D_point [-1.67015, -1.96446, 22.4095] dstQ3D_point [-1.70194, -2.14988, 22.4095]
srcQ3D_point [-1.68075, -1.97505, 22.4095] dstQ3D_point [-1.71253, -2.15517, 22.4095]
srcQ3D_point [-1.5088, -2.27081, 22.6114] dstQ3D_point [-1.52711, -2.43595, 22.4095]
srcQ3D_point [-1.65426, -2.04922, 22.4095] dstQ3D_point [-1.68605, -2.23464, 22.4095]
srcQ3D_point [-1.70194, -2.34589, 22.4095] dstQ3D_point [-1.72843, -2.53131, 22.4095]
srcQ3D_point [-1.55691, -2.07837, 22.6114] dstQ3D_point [-1.57479, -2.23994, 22.4095]
srcQ3D_point [-1.5088, -2.24943, 22.6114] dstQ3D_point [-1.52711, -2.40947, 22.4095]
srcQ3D_point [-1.65956, -2.08101, 22.4095] dstQ3D_point [-1.69134, -2.26113, 22.4095]
srcQ3D_point [-1.72796, -2.20132, 22.6114] dstQ3D_point [-1.74432, -2.36179, 22.4095]
srcQ3D_point [-1.69664, -2.36179, 22.4095] dstQ3D_point [-1.72843, -2.54721, 22.4095]
srcQ3D_point [-1.66382, -2.12114, 22.6114] dstQ3D_point [-1.68075, -2.28762, 22.4095]
srcQ3D_point [-1.71783, -2.11279, 22.4095] dstQ3D_point [-1.74962, -2.29292, 22.4095]
srcQ3D_point [-1.47673, -2.20132, 22.6114] dstQ3D_point [-1.49533, -2.36179, 22.4095]
srcQ3D_point [-1.77081, -2.15517, 22.4095] dstQ3D_point [-1.8026, -2.34059, 22.4095]
srcQ3D_point [-1.69664, -2.37768, 22.4095] dstQ3D_point [-1.72313, -2.5578, 22.4095]
srcQ3D_point [-1.81849, -2.37238, 22.4095] dstQ3D_point [-1.85028, -2.5525, 22.4095]
srcQ3D_point [-1.55156, -2.39375, 22.6114] dstQ3D_point [-1.5695, -2.5525, 22.4095]
srcQ3D_point [-1.81884, -1.7523, 22.6114] dstQ3D_point [-1.83968, -1.92207, 22.4095]
srcQ3D_point [-1.7867, -1.84261, 22.4095] dstQ3D_point [-1.81849, -2.02273, 22.4095]
srcQ3D_point [-1.67015, -2.26113, 22.4095] dstQ3D_point [-1.70194, -2.44655, 22.4095]
srcQ3D_point [-1.5088, -1.74161, 22.6114] dstQ3D_point [-1.52711, -1.90618, 22.4095]
srcQ3D_point [-1.47138, -1.77903, 22.6114] dstQ3D_point [-1.49003, -1.94326, 22.4095]
srcQ3D_point [-1.50345, -2.32426, 22.6114] dstQ3D_point [-1.52711, -2.48893, 22.4095]
srcQ3D_point [-1.62319, -1.71114, 22.6114] dstQ3D_point [-1.64313, -1.88181, 22.4095]
srcQ3D_point [-1.54671, -1.70963, 22.4095] dstQ3D_point [-1.58115, -1.89558, 22.4095]
srcQ3D_point [-1.61624, -1.85707, 22.6114] dstQ3D_point [-1.62936, -2.01955, 22.4095]
srcQ3D_point [-1.79692, -1.87792, 22.6114] dstQ3D_point [-1.81531, -2.0471, 22.4095]
srcQ3D_point [-1.62936, -1.95757, 22.4095] dstQ3D_point [-1.66379, -2.14352, 22.4095]
srcQ3D_point [-1.73267, -2.14352, 22.4095] dstQ3D_point [-1.7671, -2.32947, 22.4095]
srcQ3D_point [-1.75333, -2.15041, 22.4095] dstQ3D_point [-1.78776, -2.33636, 22.4095]
srcQ3D_point [-1.77399, -2.15729, 22.4095] dstQ3D_point [-1.80842, -2.34324, 22.4095]
srcQ3D_point [-1.76912, -2.19758, 22.6114] dstQ3D_point [-1.78776, -2.3639, 22.4095]
srcQ3D_point [-1.53285, -2.29486, 22.6114] dstQ3D_point [-1.54671, -2.46721, 22.4095]
srcQ3D_point [-1.64404, -2.34351, 22.6114] dstQ3D_point [-1.66379, -2.50853, 22.4095]
srcQ3D_point [-1.78776, -1.77162, 22.4095] dstQ3D_point [-1.8222, -1.95757, 22.4095]
srcQ3D_point [-1.78776, -1.84049, 22.4095] dstQ3D_point [-1.8222, -2.01955, 22.4095]
srcQ3D_point [-1.72048, -1.95436, 22.6114] dstQ3D_point [-1.73955, -2.12286, 22.4095]
srcQ3D_point [-1.64313, -1.95068, 22.4095] dstQ3D_point [-1.67757, -2.13663, 22.4095]
srcQ3D_point [-1.6087, -1.95757, 22.4095] dstQ3D_point [-1.65002, -2.13663, 22.4095]
srcQ3D_point [-1.58845, -2.06554, 22.6114] dstQ3D_point [-1.6087, -2.22616, 22.4095]
srcQ3D_point [-1.64313, -2.06087, 22.4095] dstQ3D_point [-1.67757, -2.23994, 22.4095]
srcQ3D_point [-1.70658, -2.15588, 22.6114] dstQ3D_point [-1.72578, -2.3157, 22.4095]
srcQ3D_point [-1.57426, -2.17107, 22.4095] dstQ3D_point [-1.61624, -2.37825, 22.6114]
srcQ3D_point [-1.80387, -1.98215, 22.6114] dstQ3D_point [-1.81531, -2.15041, 22.4095]
srcQ3D_point [-1.59492, -1.99889, 22.4095] dstQ3D_point [-1.62936, -2.18484, 22.4095]
srcQ3D_point [-1.54675, -2.32961, 22.6114] dstQ3D_point [-1.56049, -2.48098, 22.4095]
srcQ3D_point [-1.77607, -1.85012, 22.6114] dstQ3D_point [-1.79465, -2.01955, 22.4095]
srcQ3D_point [-1.67184, -1.89876, 22.6114] dstQ3D_point [-1.69134, -2.06087, 22.4095]
srcQ3D_point [-1.72234, -2.24751, 22.4095] dstQ3D_point [-1.75815, -2.43553, 22.4095]
srcQ3D_point [-1.61138, -2.26776, 22.6114] dstQ3D_point [-1.62385, -2.42658, 22.4095]
srcQ3D_point [-1.71075, -2.15936, 22.6114] dstQ3D_point [-1.73129, -2.31914, 22.4095]
srcQ3D_point [-1.65071, -2.0595, 22.4095] dstQ3D_point [-1.67757, -2.23856, 22.4095]
srcQ3D_point [-1.60594, -2.04159, 22.4095] dstQ3D_point [-1.6328, -2.22065, 22.4095]
srcQ3D_point [-1.62385, -1.98787, 22.4095] dstQ3D_point [-1.65966, -2.17589, 22.4095]
srcQ3D_point [-1.72882, -1.96061, 22.6114] dstQ3D_point [-1.74024, -2.13112, 22.4095]
srcQ3D_point [-1.65655, -1.92448, 22.6114] dstQ3D_point [-1.67757, -2.08636, 22.4095]
srcQ3D_point [-0.90476, -1.71488, 22.6114] dstQ3D_point [-0.936833, -1.89663, 22.6114]
srcQ3D_point [-0.749742, -2.29219, 22.6114] dstQ3D_point [-0.774834, -2.45185, 22.4095]
srcQ3D_point [-0.883379, -1.97681, 22.6114] dstQ3D_point [-0.920797, -2.1639, 22.6114]
srcQ3D_point [-0.990288, -1.95543, 22.6114] dstQ3D_point [-1.02236, -2.13717, 22.6114]
srcQ3D_point [-0.84596, -2.1051, 22.6114] dstQ3D_point [-0.878033, -2.29219, 22.6114]
srcQ3D_point [-1.02236, -2.13717, 22.6114] dstQ3D_point [-1.05443, -2.31892, 22.6114]
srcQ3D_point [-1.09185, -2.14252, 22.6114] dstQ3D_point [-1.12392, -2.32426, 22.6114]
srcQ3D_point [-0.856651, -2.16924, 22.6114] dstQ3D_point [-0.888724, -2.35099, 22.6114]
srcQ3D_point [-1.0972, -2.17459, 22.6114] dstQ3D_point [-1.12927, -2.35634, 22.6114]
srcQ3D_point [-0.958215, -1.66677, 22.6114] dstQ3D_point [-0.990288, -1.84852, 22.6114]
srcQ3D_point [-0.840615, -2.17994, 22.6114] dstQ3D_point [-0.872688, -2.36168, 22.6114]
srcQ3D_point [-1.08116, -2.17994, 22.6114] dstQ3D_point [-1.11323, -2.36168, 22.6114]
srcQ3D_point [-0.840615, -2.19063, 22.6114] dstQ3D_point [-0.872688, -2.37237, 22.6114]
srcQ3D_point [-0.808542, -2.20132, 22.6114] dstQ3D_point [-0.840615, -2.38306, 22.6114]
srcQ3D_point [-0.824578, -2.20666, 22.6114] dstQ3D_point [-0.856651, -2.38841, 22.6114]
srcQ3D_point [-0.931488, -2.21201, 22.6114] dstQ3D_point [-0.954957, -2.37238, 22.4095]
srcQ3D_point [-0.717669, -2.21735, 22.6114] dstQ3D_point [-0.749742, -2.3991, 22.6114]
srcQ3D_point [-0.792506, -2.2227, 22.6114] dstQ3D_point [-0.817216, -2.38298, 22.4095]
srcQ3D_point [-1.08651, -2.2227, 22.6114] dstQ3D_point [-1.11858, -2.40445, 22.6114]
srcQ3D_point [-1.06512, -2.23339, 22.6114] dstQ3D_point [-1.0874, -2.39357, 22.4095]
srcQ3D_point [-1.07582, -2.23339, 22.6114] dstQ3D_point [-1.10789, -2.41514, 22.6114]
srcQ3D_point [-0.878033, -1.67746, 22.6114] dstQ3D_point [-0.910106, -1.85921, 22.6114]
srcQ3D_point [-0.851306, -1.68281, 22.6114] dstQ3D_point [-0.883379, -1.86455, 22.6114]
srcQ3D_point [-1.06512, -2.24943, 22.6114] dstQ3D_point [-1.0874, -2.40947, 22.4095]
srcQ3D_point [-1.07582, -2.25477, 22.6114] dstQ3D_point [-1.10329, -2.42006, 22.4095]
srcQ3D_point [-1.07582, -2.27081, 22.6114] dstQ3D_point [-1.098, -2.43066, 22.4095]
srcQ3D_point [-0.744396, -2.2815, 22.6114] dstQ3D_point [-0.769537, -2.44125, 22.4095]
srcQ3D_point [-0.717669, -2.28684, 22.6114] dstQ3D_point [-0.749742, -2.46859, 22.6114]
srcQ3D_point [-1.09185, -2.29219, 22.6114] dstQ3D_point [-1.12392, -2.47394, 22.6114]
srcQ3D_point [-0.829924, -1.69884, 22.6114] dstQ3D_point [-0.861997, -1.88059, 22.6114]
srcQ3D_point [-0.808542, -2.32426, 22.6114] dstQ3D_point [-0.840615, -2.50601, 22.6114]
srcQ3D_point [-0.824578, -2.32426, 22.6114] dstQ3D_point [-0.856651, -2.50601, 22.6114]
srcQ3D_point [-0.760433, -1.73092, 22.6114] dstQ3D_point [-0.792506, -1.91266, 22.6114]
srcQ3D_point [-0.824578, -2.33495, 22.6114] dstQ3D_point [-0.849003, -2.49423, 22.4095]
srcQ3D_point [-0.888724, -1.70419, 22.6114] dstQ3D_point [-0.920797, -1.88593, 22.6114]
srcQ3D_point [-1.00632, -1.96077, 22.6114] dstQ3D_point [-1.0384, -2.14252, 22.6114]
srcQ3D_point [-0.878033, -2.00353, 22.6114] dstQ3D_point [-0.910106, -2.18528, 22.6114]
srcQ3D_point [-0.926142, -2.00353, 22.6114] dstQ3D_point [-0.958215, -2.18528, 22.6114]
srcQ3D_point [-1.08651, -2.06768, 22.6114] dstQ3D_point [-1.11858, -2.24943, 22.6114]
srcQ3D_point [-1.03305, -2.12648, 22.6114] dstQ3D_point [-1.06512, -2.30823, 22.6114]
srcQ3D_point [-0.824578, -1.83783, 22.6114] dstQ3D_point [-0.856651, -2.01957, 22.6114]
srcQ3D_point [-0.72836, -2.21735, 22.6114] dstQ3D_point [-0.760433, -2.3991, 22.6114]
srcQ3D_point [-0.733706, -2.24943, 22.6114] dstQ3D_point [-0.765778, -2.43652, 22.6114]
srcQ3D_point [-0.765778, -2.27081, 22.6114] dstQ3D_point [-0.790727, -2.43066, 22.4095]
srcQ3D_point [-1.0972, -2.30823, 22.6114] dstQ3D_point [-1.11919, -2.46774, 22.4095]
srcQ3D_point [-0.995633, -2.27081, 22.6114] dstQ3D_point [-1.02771, -2.45255, 22.6114]
srcQ3D_point [-0.771124, -1.8111, 22.6114] dstQ3D_point [-0.792506, -1.9875, 22.6114]
srcQ3D_point [-0.776469, -1.70419, 22.6114] dstQ3D_point [-0.808542, -1.88593, 22.6114]
srcQ3D_point [-1.04909, -1.98215, 22.6114] dstQ3D_point [-1.08116, -2.1639, 22.6114]
srcQ3D_point [-0.848633, -2.10724, 22.6114] dstQ3D_point [-0.883379, -2.28791, 22.6114]
srcQ3D_point [-0.848633, -2.19063, 22.6114] dstQ3D_point [-0.883379, -2.3713, 22.6114]
srcQ3D_point [-0.806939, -2.20452, 22.6114] dstQ3D_point [-0.841684, -2.3852, 22.6114]
srcQ3D_point [-0.79304, -2.22537, 22.6114] dstQ3D_point [-0.820395, -2.38457, 22.4095]
srcQ3D_point [-1.00151, -2.13503, 22.6114] dstQ3D_point [-1.02012, -2.29503, 22.4095]
srcQ3D_point [-1.05016, -2.33656, 22.6114] dstQ3D_point [-1.07522, -2.49476, 22.4095]
srcQ3D_point [-1.03626, -2.32266, 22.6114] dstQ3D_point [-1.06144, -2.48787, 22.4095]
srcQ3D_point [-1.01541, -2.28791, 22.6114] dstQ3D_point [-1.05016, -2.46859, 22.6114]
srcQ3D_point [-0.938971, -2.26012, 22.6114] dstQ3D_point [-0.958136, -2.419, 22.4095]
srcQ3D_point [-0.79304, -2.25317, 22.6114] dstQ3D_point [-0.820837, -2.4269, 22.6114]
srcQ3D_point [-0.945921, -2.23927, 22.6114] dstQ3D_point [-0.965023, -2.39834, 22.4095]
srcQ3D_point [-0.848633, -1.85707, 22.6114] dstQ3D_point [-0.883379, -2.03775, 22.6114]
srcQ3D_point [-0.966768, -2.22537, 22.6114] dstQ3D_point [-0.992571, -2.38457, 22.4095]
srcQ3D_point [-0.862531, -1.87792, 22.6114] dstQ3D_point [-0.897277, -2.05859, 22.6114]
srcQ3D_point [-0.841684, -1.88487, 22.6114] dstQ3D_point [-0.87643, -2.06554, 22.6114]
srcQ3D_point [-0.918124, -2.003, 22.6114] dstQ3D_point [-0.95287, -2.18368, 22.6114]
srcQ3D_point [-0.827786, -2.16978, 22.6114] dstQ3D_point [-0.855582, -2.3574, 22.6114]
srcQ3D_point [-0.980666, -2.05164, 22.6114] dstQ3D_point [-1.01541, -2.23232, 22.6114]
srcQ3D_point [-0.786091, -2.06554, 22.6114] dstQ3D_point [-0.813888, -2.24622, 22.6114]
srcQ3D_point [-0.959819, -2.14198, 22.6114] dstQ3D_point [-0.987615, -2.31571, 22.6114]
srcQ3D_point [-0.820837, -2.10029, 22.6114] dstQ3D_point [-0.848633, -2.28096, 22.6114]
srcQ3D_point [-1.02236, -2.13503, 22.6114] dstQ3D_point [-1.05711, -2.32266, 22.6114]
srcQ3D_point [-1.00846, -2.05859, 22.6114] dstQ3D_point [-1.04321, -2.24622, 22.6114]
srcQ3D_point [-0.897277, -2.05859, 22.6114] dstQ3D_point [-0.932022, -2.23927, 22.6114]
srcQ3D_point [-0.904226, -2.17673, 22.6114] dstQ3D_point [-0.932022, -2.3574, 22.6114]
srcQ3D_point [-1.05016, -1.9891, 22.6114] dstQ3D_point [-1.0849, -2.16978, 22.6114]
srcQ3D_point [-0.938971, -1.74588, 22.6114] dstQ3D_point [-0.966768, -1.92656, 22.6114]
srcQ3D_point [-0.772193, -1.84317, 22.6114] dstQ3D_point [-0.806939, -2.02385, 22.6114]
srcQ3D_point [-0.848633, -2.19549, 22.6114] dstQ3D_point [-0.884768, -2.37617, 22.6114]
srcQ3D_point [-0.857667, -2.16839, 22.6114] dstQ3D_point [-0.893802, -2.34907, 22.6114]
srcQ3D_point [-0.938972, -2.15032, 22.6114] dstQ3D_point [-0.966073, -2.331, 22.6114]
srcQ3D_point [-0.848633, -2.10515, 22.6114] dstQ3D_point [-0.884768, -2.28583, 22.6114]
srcQ3D_point [-0.975107, -2.08708, 22.6114] dstQ3D_point [-1.01124, -2.26776, 22.6114]
srcQ3D_point [-0.984141, -2.05998, 22.6114] dstQ3D_point [-1.01124, -2.24066, 22.6114]
srcQ3D_point [-0.975107, -1.798, 22.6114] dstQ3D_point [-1.01124, -1.97868, 22.6114]
srcQ3D_point [-0.848633, -1.7709, 22.6114] dstQ3D_point [-0.884768, -1.95158, 22.6114]
Q:
[1, 0, 0, -524.2575187683105;
 0, 1, 0, -513.8100929260254;
 0, 0, 0, 4230.010151898024;
 0, 0, 1.685354893873534, 0]
1, 1, 1, 1, 1, 1, 1, 1, 1, 1, 1, 1, 1, 1, 1, 1, 1, 1, 1, 1, 1, 1, 1, 1, 1, 1, 1, 1, 1, 1, 1, 1, 1, 1, 1, 1, 1, 1, 1, 1, 1, 1, 1, 1, 1, 1, 1, 1, 1, 1, 1, 1, 1, 1, 1, 1, 1, 1, 1, 1, 1, 1, 1, 1, 1, 1, 1, 1, 1, 1, 1, 1, 1, 1, 1, 1, 1, 1, 1, 1, 1, 1, 1, 1, 1, 1, 1, 1, 1, 1, 1, 1, 1, 1, 1, 1, 1, 1, 1, 1, 1, 1, 1, 1, 1, 1, 1, 1, 1, 1, 1, 1, 1, 1, 1, 1, 1, 1, 1, 1, 1, 1, 1, 1, 1, 1, 1, 1, 1, 1, 1, 1, 1, 1, 1, 1, 1, 1, 1, 1, 1, 1, 1, 1, 1, 1, 1, 1, 1, 1, 1, 1, 1, 1, affineTransformationMatrix:
[0.9774020222588389, 0.01345496134224702, -0.001267934441180351, -5.607505876669382e-05;
 -0.02718874637122115, 1.001842312854784, -0.008919701845933797, -0.0003944784437964134;
 0.2591415241635622, -0.1044167588993357, 0.9995557679075699, 0.04420587264266593]
ransacThreshold: 3 confidence: 0.99
inliers3D:
[]
inlierCount: 154/154
cameraMatrix:
[0.9470817464505629, 0.0150363043504173, 0.2414693186509818;
 0, 0.995495352363663, -0.1161714778197646;
 0, 0, 1.037867487804752]
rotMatrix:
[0.9683250003508044, 0.02406638539332739, -0.2485306878228805;
 0.001825931151296842, 0.994635127011307, 0.1034293483042009;
 0.2496865228061879, -0.1006070236578979, 0.9630861161493578]
transVect :
[-6.664282327858412e-17;
 1.058320069044208e-18;
 -0.04418233210938035;
 0.9990234839729125]
rotMatrixX :
[1, 0, 0;
 0, 0.9945879777728212, -0.1038978078198493;
 0, 0.1038978078198493, 0.9945879777728212]
rotMatrixY :
[0.9683267218914053, 0, 0.2496865228061879;
 0, 1, 0;
 -0.2496865228061879, 0, 0.9683267218914053]
rotMatrixZ :
[0.9999982221490309, 0.001885656060105728, 0;
 -0.001885656060105728, 0.9999982221490309, 0;
 0, 0, 1]
EulerAngles :
[-5.963668277189417;
 -14.45896300227671;
 0.1080401978906365]
