Baseline (in m) 0.6 focallength (in pixel) 4266.67
graph matches_graph{
"1429.png" -- "1430.png"[label="Nm=500, Ni=474, C=3"];
}
H between images 0 and 1:
[0.996188868651374, 0.01546047822859123, -71.82323259921802;
 -0.01314388341727594, 0.9951790908513568, 129.3420897727007;
 4.598984862397462e-06, 2.249867617604851e-07, 1]
H between images 1 and 0:
[1.003277861101159, -0.015603042676922, 74.07678932616022;
 0.01385093653735813, 1.004658235970963, -128.9497767111997;
 -4.617175973341624e-06, -1.542766461086024e-07, 0.9996883339599261]
point_clout_pts: 663400
3D matched points: 
srcQ3D_point [-1.23124, -0.0637044, 22.8169] dstQ3D_point [-1.57479, 0.642033, 22.4095]
srcQ3D_point [-0.832075, -0.559958, 22.8169] dstQ3D_point [-1.16721, 0.151928, 22.0163]
srcQ3D_point [-1.19865, -1.80552, 22.4095] dstQ3D_point [-1.57661, -1.08593, 22.2112]
srcQ3D_point [-0.760433, -1.18568, 22.6114] dstQ3D_point [-1.13508, -0.470493, 22.4095]
srcQ3D_point [-1.25756, -1.8699, 22.6114] dstQ3D_point [-1.65313, -1.14826, 22.6114]
srcQ3D_point [-1.2148, -1.88059, 22.6114] dstQ3D_point [-1.61036, -1.15895, 22.6114]
srcQ3D_point [-1.31102, -1.88593, 22.6114] dstQ3D_point [-1.67638, -1.14369, 22.2112]
srcQ3D_point [-1.19876, -1.90732, 22.6114] dstQ3D_point [-1.60882, -1.19646, 22.8169]
srcQ3D_point [-0.790727, -2.22404, 22.4095] dstQ3D_point [-1.17242, -1.48758, 22.0163]
srcQ3D_point [-0.829924, -0.565604, 22.6114] dstQ3D_point [-1.20945, 0.139997, 22.6114]
srcQ3D_point [-1.16134, -1.94473, 22.6114] dstQ3D_point [-1.54301, -1.21747, 22.4095]
srcQ3D_point [-1.37348, -2.42006, 22.4095] dstQ3D_point [-1.76039, -1.68453, 22.2112]
srcQ3D_point [-0.988502, -0.155403, 22.8169] dstQ3D_point [-1.36069, 0.562007, 22.8169]
srcQ3D_point [-1.22014, -0.875641, 22.6114] dstQ3D_point [-1.58539, -0.157926, 22.4095]
srcQ3D_point [-0.856651, -2.12648, 22.6114] dstQ3D_point [-1.24633, -1.3976, 22.4095]
srcQ3D_point [-0.755087, -1.36742, 22.6114] dstQ3D_point [-1.13508, -0.650616, 22.4095]
srcQ3D_point [-1.21455, -2.0969, 22.4095] dstQ3D_point [-1.5836, -1.35746, 22.0163]
srcQ3D_point [-0.792506, -1.13757, 22.6114] dstQ3D_point [-1.16687, -0.422813, 22.4095]
srcQ3D_point [-1.00632, -0.180731, 22.6114] dstQ3D_point [-1.37516, 0.530216, 22.6114]
srcQ3D_point [-1.17738, -0.394549, 22.6114] dstQ3D_point [-1.5241, 0.316049, 22.2112]
srcQ3D_point [-1.04374, -1.4583, 22.6114] dstQ3D_point [-1.40333, -0.723621, 22.2112]
srcQ3D_point [-1.00427, -1.59001, 22.2112] dstQ3D_point [-1.37541, -0.878622, 22.0163]
srcQ3D_point [-1.33774, -0.309022, 22.6114] dstQ3D_point [-1.69664, 0.403634, 22.4095]
srcQ3D_point [-1.41793, -2.11579, 22.6114] dstQ3D_point [-1.78664, -1.36948, 22.2112]
srcQ3D_point [-0.981446, -2.47304, 22.4095] dstQ3D_point [-1.37183, -1.74229, 22.2112]
srcQ3D_point [-1.28963, -0.859605, 22.6114] dstQ3D_point [-1.65426, -0.142033, 22.4095]
srcQ3D_point [-1.45534, -1.66143, 22.6114] dstQ3D_point [-1.86234, -0.948331, 22.8169]
srcQ3D_point [-1.38766, -0.74875, 22.8169] dstQ3D_point [-1.73902, -0.0254826, 22.4095]
srcQ3D_point [-1.35865, -2.43966, 22.4095] dstQ3D_point [-1.74936, -1.70816, 22.2112]
srcQ3D_point [-0.864439, -0.0928324, 22.8169] dstQ3D_point [-1.22495, 0.616813, 22.6114]
srcQ3D_point [-1.15546, -0.960635, 22.6114] dstQ3D_point [-1.51045, -0.240542, 22.2112]
srcQ3D_point [-0.983648, -0.155943, 22.8169] dstQ3D_point [-1.3804, 0.569667, 23.2395]
srcQ3D_point [-1.55865, 0.0754624, 22.8169] dstQ3D_point [-1.91292, 0.79054, 22.6114]
srcQ3D_point [-1.40438, -0.737962, 22.8169] dstQ3D_point [-1.75809, -0.0154169, 22.4095]
srcQ3D_point [-1.45427, -0.884194, 22.6114] dstQ3D_point [-1.82008, -0.166932, 22.4095]
srcQ3D_point [-1.218, -0.877245, 22.6114] dstQ3D_point [-1.58592, -0.160045, 22.4095]
srcQ3D_point [-1.52359, 0.0123518, 22.8169] dstQ3D_point [-1.89524, 0.734617, 22.8169]
srcQ3D_point [-1.37242, -2.42589, 22.4095] dstQ3D_point [-1.74755, -1.67287, 22.0163]
srcQ3D_point [-0.891397, -0.863347, 22.6114] dstQ3D_point [-1.25106, -0.151803, 22.2112]
srcQ3D_point [-1.37783, -0.793856, 22.6114] dstQ3D_point [-1.73743, -0.0774006, 22.4095]
srcQ3D_point [-1.25534, -2.17107, 22.4095] dstQ3D_point [-1.62576, -1.42929, 22.0163]
srcQ3D_point [-1.25275, -1.87097, 22.6114] dstQ3D_point [-1.64885, -1.14826, 22.6114]
srcQ3D_point [-1.34829, 0.166622, 22.8169] dstQ3D_point [-1.69749, 0.880879, 22.6114]
srcQ3D_point [-0.759364, -1.36368, 22.6114] dstQ3D_point [-1.13826, -0.649027, 22.4095]
srcQ3D_point [-1.19716, -1.90571, 22.6114] dstQ3D_point [-1.60774, -1.20077, 22.8169]
srcQ3D_point [-1.17631, -0.390808, 22.6114] dstQ3D_point [-1.5241, 0.319199, 22.2112]
srcQ3D_point [-0.800793, -2.23994, 22.4095] dstQ3D_point [-1.18962, -1.51703, 22.2112]
srcQ3D_point [-1.30834, -1.88487, 22.6114] dstQ3D_point [-1.67428, -1.14159, 22.2112]
srcQ3D_point [-0.828855, -0.564535, 22.6114] dstQ3D_point [-1.20411, 0.144274, 22.6114]
srcQ3D_point [-1.17631, -0.388723, 22.6114] dstQ3D_point [-1.51932, 0.319199, 22.2112]
srcQ3D_point [-1.55573, -0.442926, 22.6114] dstQ3D_point [-1.89203, 0.274829, 22.2112]
srcQ3D_point [-1.23051, -0.0725387, 22.6114] dstQ3D_point [-1.57765, 0.63541, 22.4095]
srcQ3D_point [-0.895293, -0.0640823, 22.8169] dstQ3D_point [-1.26905, 0.656079, 22.8169]
srcQ3D_point [-0.860126, -2.13225, 22.6114] dstQ3D_point [-1.23536, -1.3846, 22.2112]
srcQ3D_point [-1.25534, -2.16693, 22.4095] dstQ3D_point [-1.63468, -1.43784, 22.2112]
srcQ3D_point [-1.20162, -2.08636, 22.4095] dstQ3D_point [-1.59031, -1.36685, 22.2112]
srcQ3D_point [-1.39312, -0.741043, 22.6114] dstQ3D_point [-1.75672, -0.018172, 22.4095]
srcQ3D_point [-1.21245, -1.87931, 22.6114] dstQ3D_point [-1.60993, -1.1566, 22.6114]
srcQ3D_point [-1.20162, -1.80881, 22.4095] dstQ3D_point [-1.58144, -1.08288, 22.2112]
srcQ3D_point [-1.00465, -1.60288, 22.4095] dstQ3D_point [-1.37405, -0.879872, 22.0163]
srcQ3D_point [-1.44733, -1.66249, 22.6114] dstQ3D_point [-1.84481, -0.939787, 22.6114]
srcQ3D_point [-1.39312, -0.738333, 22.6114] dstQ3D_point [-1.75314, -0.0217533, 22.4095]
srcQ3D_point [-1.31091, -1.8775, 22.6114] dstQ3D_point [-1.67994, -1.14057, 22.2112]
srcQ3D_point [-1.3344, -0.315549, 22.6114] dstQ3D_point [-1.69494, 0.397256, 22.4095]
srcQ3D_point [-1.52231, -2.04192, 22.6114] dstQ3D_point [-1.90444, -1.30206, 22.4095]
srcQ3D_point [-1.49708, -2.08188, 22.4095] dstQ3D_point [-1.8596, -1.33639, 22.0163]
srcQ3D_point [-1.22871, -0.0689252, 22.6114] dstQ3D_point [-1.57855, 0.641677, 22.4095]
srcQ3D_point [-1.25265, -2.16335, 22.4095] dstQ3D_point [-1.6338, -1.4405, 22.2112]
srcQ3D_point [-1.38138, -0.808797, 22.6114] dstQ3D_point [-1.7415, -0.0915881, 22.4095]
srcQ3D_point [-1.04667, -1.46411, 22.6114] dstQ3D_point [-1.43073, -0.739888, 22.4095]
srcQ3D_point [-1.57999, -0.414409, 22.8169] dstQ3D_point [-1.93217, 0.306882, 22.6114]
srcQ3D_point [-1.2531, -2.15805, 22.2112] dstQ3D_point [-1.62861, -1.42558, 22.0163]
srcQ3D_point [-1.33675, -0.319072, 22.6114] dstQ3D_point [-1.70309, 0.394927, 22.4095]
srcQ3D_point [-1.00707, -1.60235, 22.4095] dstQ3D_point [-1.3759, -0.875562, 22.0163]
srcQ3D_point [-1.38255, -0.822889, 22.6114] dstQ3D_point [-1.74848, -0.0892603, 22.4095]
srcQ3D_point [-1.49126, -1.99575, 22.4095] dstQ3D_point [-1.86798, -1.27323, 22.2112]
srcQ3D_point [-1.46099, -2.05627, 22.4095] dstQ3D_point [-1.83799, -1.33322, 22.2112]
srcQ3D_point [-1.41309, -2.029, 22.6114] dstQ3D_point [-1.778, -1.28823, 22.2112]
srcQ3D_point [-1.2189, -2.10167, 22.4095] dstQ3D_point [-1.59803, -1.37821, 22.2112]
srcQ3D_point [-1.20377, -1.79905, 22.4095] dstQ3D_point [-1.56915, -1.06881, 22.0163]
srcQ3D_point [-1.03141, -1.67785, 22.6114] dstQ3D_point [-1.40307, -0.943298, 22.2112]
srcQ3D_point [0.95336, -1.21803, 22.8169] dstQ3D_point [0.544303, -0.512875, 22.4095]
srcQ3D_point [1.30937, -1.9732, 22.8169] dstQ3D_point [0.883358, -1.25456, 22.4095]
srcQ3D_point [0.883237, -0.279467, 22.8169] dstQ3D_point [0.496623, 0.403634, 22.4095]
srcQ3D_point [0.821825, -2.56481, 22.6114] dstQ3D_point [0.401264, -1.84791, 22.4095]
srcQ3D_point [1.15807, -0.113281, 23.0263] dstQ3D_point [0.775356, 0.572795, 22.8169]
srcQ3D_point [0.101098, -0.92136, 22.8169] dstQ3D_point [-0.284686, -0.218149, 22.6114]
srcQ3D_point [1.28779, -1.55786, 22.8169] dstQ3D_point [0.87528, -0.859605, 22.6114]
srcQ3D_point [0.786276, -0.734123, 22.2112] dstQ3D_point [0.404634, -0.0510595, 22.0163]
srcQ3D_point [0.7988, 0.022808, 23.0263] dstQ3D_point [0.423195, 0.714139, 23.0263]
srcQ3D_point [0.803892, -0.724784, 22.4095] dstQ3D_point [0.415043, -0.0354452, 22.0163]
srcQ3D_point [0.730952, -2.52739, 22.6114] dstQ3D_point [0.3165, -1.81082, 22.4095]
srcQ3D_point [0.705233, -0.592322, 22.8169] dstQ3D_point [0.319351, 0.102579, 22.6114]
srcQ3D_point [0.0312595, 0.00647732, 23.0263] dstQ3D_point [-0.338141, 0.701271, 22.6114]
srcQ3D_point [0.724426, -0.846632, 22.4095] dstQ3D_point [0.331767, -0.149951, 22.0163]
srcQ3D_point [1.44961, -1.90847, 22.8169] dstQ3D_point [1.0303, -1.20706, 22.6114]
srcQ3D_point [1.53912, -0.18949, 23.0263] dstQ3D_point [1.13721, 0.487453, 22.6114]
srcQ3D_point [0.656687, -0.398136, 22.8169] dstQ3D_point [0.271242, 0.28967, 22.6114]
srcQ3D_point [0.771582, 0.00103377, 23.0263] dstQ3D_point [0.392377, 0.691464, 22.8169]
srcQ3D_point [0.241344, -0.554564, 22.8169] dstQ3D_point [-0.140359, 0.145343, 22.6114]
srcQ3D_point [0.760022, -0.686865, 22.2112] dstQ3D_point [0.375318, -0.00417971, 21.8249]
srcQ3D_point [0.443646, -0.714189, 22.4095] dstQ3D_point [0.066322, -0.0198308, 22.0163]
srcQ3D_point [0.171221, -0.257891, 22.8169] dstQ3D_point [-0.200885, 0.431567, 22.2112]
srcQ3D_point [0.532066, -0.43445, 23.0263] dstQ3D_point [0.142951, 0.262943, 22.6114]
srcQ3D_point [0.773716, -2.42048, 22.6114] dstQ3D_point [0.358882, -1.71016, 22.4095]
srcQ3D_point [1.52824, -0.331023, 23.0263] dstQ3D_point [1.13136, 0.357032, 22.8169]
srcQ3D_point [1.26082, -0.328013, 22.8169] dstQ3D_point [0.869935, 0.353816, 22.6114]
srcQ3D_point [1.29223, -1.92335, 22.6114] dstQ3D_point [0.883358, -1.22807, 22.4095]
srcQ3D_point [0.809687, -0.0751759, 23.0263] dstQ3D_point [0.420915, 0.610398, 22.6114]
srcQ3D_point [0.333043, 0.103512, 22.8169] dstQ3D_point [-0.0384484, 0.785072, 22.4095]
srcQ3D_point [0.424742, -0.398136, 22.8169] dstQ3D_point [0.0467326, 0.300361, 22.6114]
srcQ3D_point [1.30505, -0.34191, 23.0263] dstQ3D_point [0.904813, 0.346244, 22.8169]
srcQ3D_point [1.21767, -0.17698, 22.8169] dstQ3D_point [0.832516, 0.503489, 22.6114]
srcQ3D_point [0.759174, -0.495229, 22.8169] dstQ3D_point [0.378152, 0.198797, 22.6114]
srcQ3D_point [0.821825, -2.35634, 22.6114] dstQ3D_point [0.406562, -1.65189, 22.4095]
srcQ3D_point [0.651292, 0.0927234, 22.8169] dstQ3D_point [0.276588, 0.781453, 22.6114]
srcQ3D_point [1.28154, -1.9287, 22.6114] dstQ3D_point [0.872763, -1.22807, 22.4095]
srcQ3D_point [1.20162, -0.276587, 23.0263] dstQ3D_point [0.813114, 0.405579, 22.8169]
srcQ3D_point [0.744364, 0.169784, 23.0263] dstQ3D_point [0.362115, 0.850944, 22.6114]
srcQ3D_point [0.300678, -0.220132, 22.8169] dstQ3D_point [-0.0762131, 0.476762, 22.6114]
srcQ3D_point [1.22306, -0.34959, 22.8169] dstQ3D_point [0.832516, 0.332434, 22.6114]
srcQ3D_point [0.714916, -2.32426, 22.6114] dstQ3D_point [0.305905, -1.6148, 22.4095]
srcQ3D_point [1.33634, -1.60641, 22.8169] dstQ3D_point [0.915145, -0.89961, 22.4095]
srcQ3D_point [0.978718, -0.894312, 22.4095] dstQ3D_point [0.59728, -0.205606, 22.4095]
srcQ3D_point [0.683657, -0.0529163, 22.8169] dstQ3D_point [0.303315, 0.63178, 22.6114]
srcQ3D_point [0.538017, -0.506017, 22.8169] dstQ3D_point [0.15227, 0.186427, 22.4095]
srcQ3D_point [0.48073, -0.857228, 22.4095] dstQ3D_point [0.0984141, -0.161779, 22.2112]
srcQ3D_point [0.721415, -0.613899, 22.8169] dstQ3D_point [0.335388, 0.0811971, 22.6114]
srcQ3D_point [0.656687, -0.37656, 22.8169] dstQ3D_point [0.271242, 0.316398, 22.6114]
srcQ3D_point [1.06124, -0.360378, 22.8169] dstQ3D_point [0.672152, 0.327089, 22.6114]
srcQ3D_point [0.699839, 0.0657531, 22.8169] dstQ3D_point [0.324697, 0.754726, 22.6114]
srcQ3D_point [1.12597, -0.754144, 22.8169] dstQ3D_point [0.730952, -0.0631305, 22.6114]
srcQ3D_point [0.0255812, -0.937542, 22.8169] dstQ3D_point [-0.359523, -0.22884, 22.6114]
srcQ3D_point [0.965372, -0.242293, 23.0263] dstQ3D_point [0.577933, 0.447113, 22.8169]
srcQ3D_point [0.13616, -0.906257, 22.8169] dstQ3D_point [-0.247268, -0.203182, 22.6114]
srcQ3D_point [0.484968, -0.855638, 22.4095] dstQ3D_point [0.0984141, -0.158629, 22.2112]
srcQ3D_point [0.787852, -0.738849, 22.2112] dstQ3D_point [0.398535, -0.0552593, 21.8249]
srcQ3D_point [0.801773, -0.724784, 22.4095] dstQ3D_point [0.415564, -0.0354453, 22.0163]
srcQ3D_point [0.381662, -0.662801, 22.4095] dstQ3D_point [0.00282344, 0.0322172, 22.0163]
srcQ3D_point [1.16696, -0.450459, 22.8169] dstQ3D_point [0.774251, 0.234612, 22.6114]
srcQ3D_point [0.526622, -0.433362, 23.0263] dstQ3D_point [0.141882, 0.262408, 22.6114]
srcQ3D_point [0.171221, -0.254115, 22.8169] dstQ3D_point [-0.201935, 0.435243, 22.2112]
srcQ3D_point [0.837994, -0.419208, 23.0263] dstQ3D_point [0.451712, 0.271806, 22.8169]
srcQ3D_point [0.416651, -0.373324, 22.8169] dstQ3D_point [0.0306962, 0.318001, 22.6114]
srcQ3D_point [1.24844, -0.376749, 23.0263] dstQ3D_point [0.858425, 0.31388, 22.8169]
srcQ3D_point [1.05477, -0.359299, 22.8169] dstQ3D_point [0.670014, 0.32495, 22.6114]
srcQ3D_point [0.879461, -0.282164, 22.8169] dstQ3D_point [0.496286, 0.40139, 22.6114]
srcQ3D_point [1.21605, -0.17698, 22.8169] dstQ3D_point [0.822434, 0.501113, 22.4095]
srcQ3D_point [1.14229, -0.107837, 23.0263] dstQ3D_point [0.760253, 0.580346, 22.8169]
srcQ3D_point [0.80261, -0.0795309, 23.0263] dstQ3D_point [0.419846, 0.609864, 22.6114]
srcQ3D_point [0.816764, 0.00538854, 23.0263] dstQ3D_point [0.437688, 0.692543, 22.8169]
srcQ3D_point [0.949584, -0.205029, 22.8169] dstQ3D_point [0.565777, 0.477831, 22.6114]
srcQ3D_point [0.332504, 0.103512, 22.8169] dstQ3D_point [-0.0384484, 0.783482, 22.4095]
srcQ3D_point [0.479761, 0.15961, 22.8169] dstQ3D_point [0.107136, 0.846133, 22.6114]
srcQ3D_point [0.815945, -2.36435, 22.6114] dstQ3D_point [0.398763, -1.6399, 22.2112]
srcQ3D_point [0.850691, -2.40605, 22.6114] dstQ3D_point [0.432894, -1.68085, 22.2112]
srcQ3D_point [0.802047, -2.3991, 22.6114] dstQ3D_point [0.385111, -1.67403, 22.2112]
srcQ3D_point [0.753721, -0.691066, 22.2112] dstQ3D_point [0.374966, -0.00161397, 22.0163]
srcQ3D_point [0.683912, -0.627077, 22.6114] dstQ3D_point [0.303198, 0.0666329, 22.2112]
srcQ3D_point [1.22306, -0.352287, 22.8169] dstQ3D_point [0.837388, 0.334917, 22.8169]
srcQ3D_point [0.99867, -0.611741, 22.8169] dstQ3D_point [0.607472, 0.0817316, 22.6114]
srcQ3D_point [0.648056, -0.380336, 22.8169] dstQ3D_point [0.266966, 0.311052, 22.6114]
srcQ3D_point [0.29043, -0.569668, 22.8169] dstQ3D_point [-0.0874386, 0.130375, 22.6114]
srcQ3D_point [0.655068, -0.401373, 22.8169] dstQ3D_point [0.266966, 0.290205, 22.6114]
srcQ3D_point [0.500798, -0.415397, 22.8169] dstQ3D_point [0.122135, 0.278819, 22.8169]
srcQ3D_point [0.767302, -2.4269, 22.6114] dstQ3D_point [0.354114, -1.70963, 22.4095]
srcQ3D_point [0.760253, -0.492532, 22.8169] dstQ3D_point [0.378152, 0.199866, 22.6114]
srcQ3D_point [0.443646, -0.717897, 22.4095] dstQ3D_point [0.0637196, -0.0151465, 22.0163]
srcQ3D_point [0.738921, 0.16815, 23.0263] dstQ3D_point [0.357304, 0.846133, 22.6114]
srcQ3D_point [0.718179, 0.15961, 22.8169] dstQ3D_point [0.343406, 0.839184, 22.6114]
srcQ3D_point [0.928547, -1.76877, 22.8169] dstQ3D_point [0.524083, -1.05792, 22.6114]
srcQ3D_point [0.507811, 0.13156, 22.8169] dstQ3D_point [0.134933, 0.818337, 22.6114]
srcQ3D_point [0.0660367, 0.0123518, 22.8169] dstQ3D_point [-0.302861, 0.707151, 22.6114]
srcQ3D_point [1.48252, -2.25963, 22.8169] dstQ3D_point [1.04971, -1.53746, 22.4095]
srcQ3D_point [0.584946, -0.506557, 22.8169] dstQ3D_point [0.202599, 0.184308, 22.4095]
srcQ3D_point [0.227319, 0.0894868, 22.8169] dstQ3D_point [-0.143031, 0.776642, 22.6114]
srcQ3D_point [0.605982, -0.527594, 22.8169] dstQ3D_point [0.216373, 0.163646, 22.4095]
srcQ3D_point [0.297442, -0.219053, 22.8169] dstQ3D_point [-0.0804894, 0.477831, 22.6114]
srcQ3D_point [0.809338, -0.541618, 22.8169] dstQ3D_point [0.416098, 0.142985, 22.4095]
srcQ3D_point [0.318479, -0.261127, 22.8169] dstQ3D_point [-0.0601845, 0.433089, 22.8169]
srcQ3D_point [0.484163, -0.468745, 23.0263] dstQ3D_point [0.101098, 0.229732, 22.8169]
srcQ3D_point [0.676105, -0.057771, 22.8169] dstQ3D_point [0.301711, 0.630711, 22.6114]
srcQ3D_point [1.26584, -0.328445, 22.8169] dstQ3D_point [0.875012, 0.352052, 22.6114]
srcQ3D_point [0.817471, 0.00892665, 23.0263] dstQ3D_point [0.436285, 0.692543, 22.8169]
srcQ3D_point [0.800924, -0.0823141, 22.8169] dstQ3D_point [0.423321, 0.604999, 22.6114]
srcQ3D_point [0.820809, -2.36713, 22.6114] dstQ3D_point [0.39808, -1.64194, 22.2112]
srcQ3D_point [0.253966, -0.556344, 22.8169] dstQ3D_point [-0.127743, 0.144273, 22.6114]
srcQ3D_point [1.22937, -0.346677, 22.8169] dstQ3D_point [0.838877, 0.333984, 22.6114]
srcQ3D_point [0.712403, -2.331, 22.6114] dstQ3D_point [0.30315, -1.62079, 22.4095]
srcQ3D_point [0.655068, -0.374025, 22.8169] dstQ3D_point [0.269745, 0.315916, 22.6114]
srcQ3D_point [0.418053, -0.374025, 22.8169] dstQ3D_point [0.025601, 0.313095, 22.4095]
srcQ3D_point [1.10175, -0.392257, 22.8169] dstQ3D_point [0.712403, 0.288815, 22.6114]
srcQ3D_point [0.753074, 0.0273259, 23.0263] dstQ3D_point [0.372473, 0.719891, 22.8169]
srcQ3D_point [0.527445, -0.437837, 22.8169] dstQ3D_point [0.143272, 0.261713, 22.6114]
srcQ3D_point [0.901199, -0.528996, 22.8169] dstQ3D_point [0.518329, 0.163817, 22.8169]
srcQ3D_point [1.48462, -2.26103, 22.8169] dstQ3D_point [1.04626, -1.54021, 22.4095]
srcQ3D_point [0.491166, -0.71652, 22.4095] dstQ3D_point [0.104317, -0.0266493, 22.0163]
srcQ3D_point [0.804528, -0.725473, 22.4095] dstQ3D_point [0.412181, -0.0354455, 22.0163]
srcQ3D_point [1.03762, -0.912686, 22.6114] dstQ3D_point [0.64337, -0.215142, 22.4095]
srcQ3D_point [1.04705, -0.939215, 22.8169] dstQ3D_point [0.649167, -0.235148, 22.6114]
srcQ3D_point [0.237896, 0.0549247, 23.0263] dstQ3D_point [-0.136777, 0.74954, 22.6114]
srcQ3D_point [0.955465, -0.221063, 23.0263] dstQ3D_point [0.563909, 0.47376, 22.8169]
srcQ3D_point [0.937663, -1.76877, 22.8169] dstQ3D_point [0.522693, -1.06626, 22.6114]
srcQ3D_point [1.29057, -1.92448, 22.6114] dstQ3D_point [0.876153, -1.22685, 22.4095]
srcQ3D_point [1.43904, -1.89639, 22.8169] dstQ3D_point [1.02859, -1.20177, 22.6114]
srcQ3D_point [0.24485, -0.538112, 22.8169] dstQ3D_point [-0.136777, 0.162341, 22.6114]
srcQ3D_point [0.491166, -0.859771, 22.4095] dstQ3D_point [0.10524, -0.159994, 22.2112]
srcQ3D_point [1.18545, -0.267061, 23.0263] dstQ3D_point [0.791808, 0.419064, 22.8169]
srcQ3D_point [1.42464, -0.147467, 23.0263] dstQ3D_point [1.01955, 0.532728, 22.6114]
srcQ3D_point [0.771473, -0.423454, 23.0263] dstQ3D_point [0.381589, 0.273209, 22.8169]
srcQ3D_point [0.813583, -2.37075, 22.6114] dstQ3D_point [0.395418, -1.64816, 22.2112]
srcQ3D_point [0.595814, -0.543582, 22.8169] dstQ3D_point [0.214639, 0.154211, 22.6114]
srcQ3D_point [0.240292, -0.531731, 22.8169] dstQ3D_point [-0.137681, 0.165955, 22.6114]
srcQ3D_point [0.707887, -2.33552, 22.6114] dstQ3D_point [0.305836, -1.61631, 22.4095]
srcQ3D_point [0.749874, -0.496179, 22.8169] dstQ3D_point [0.364031, 0.187751, 22.4095]
srcQ3D_point [0.631367, -0.555433, 22.8169] dstQ3D_point [0.24764, 0.141195, 22.4095]
srcQ3D_point [0.52471, -0.436925, 22.8169] dstQ3D_point [0.144175, 0.259907, 22.6114]
srcQ3D_point [0.422227, -0.976162, 22.4095] dstQ3D_point [0.0377982, -0.275356, 22.2112]
srcQ3D_point [0.501008, -0.413224, 22.8169] dstQ3D_point [0.120687, 0.283394, 22.6114]
srcQ3D_point [0.655068, -0.401373, 22.8169] dstQ3D_point [0.273359, 0.295139, 22.6114]
srcQ3D_point [0.713205, -0.859771, 22.4095] dstQ3D_point [0.334775, -0.158591, 22.0163]
srcQ3D_point [0.406202, -0.377671, 22.8169] dstQ3D_point [0.0264964, 0.315782, 22.4095]
srcQ3D_point [0.787647, -0.748337, 22.2112] dstQ3D_point [0.399877, -0.0665278, 21.8249]
srcQ3D_point [0.804592, 0.0135263, 23.0263] dstQ3D_point [0.418053, 0.700747, 22.8169]
srcQ3D_point [0.856531, -0.0102981, 22.8169] dstQ3D_point [0.468784, 0.664956, 22.4095]
srcQ3D_point [1.00149, -0.620893, 22.6114] dstQ3D_point [0.608453, 0.0713599, 22.4095]
srcQ3D_point [0.501008, -0.365821, 22.8169] dstQ3D_point [0.117511, 0.321677, 22.0163]
srcQ3D_point [0.480423, -0.720101, 22.4095] dstQ3D_point [0.106076, -0.0213716, 22.0163]
srcQ3D_point [0.903934, -0.223612, 22.8169] dstQ3D_point [0.51534, 0.455451, 22.4095]
srcQ3D_point [0.960065, -0.237623, 23.0263] dstQ3D_point [0.572113, 0.451881, 22.8169]
srcQ3D_point [1.04378, -0.249582, 23.0263] dstQ3D_point [0.649167, 0.436066, 22.6114]
srcQ3D_point [0.794679, -0.720101, 22.4095] dstQ3D_point [0.41849, -0.0330969, 22.2112]
srcQ3D_point [0.753038, -0.690656, 22.2112] dstQ3D_point [0.36908, -0.00993675, 22.0163]
srcQ3D_point [0.311396, -0.626537, 22.8169] dstQ3D_point [-0.0672168, 0.0720028, 22.6114]
srcQ3D_point [1.29493, -0.345258, 23.0263] dstQ3D_point [0.903934, 0.345225, 22.8169]
srcQ3D_point [1.23576, -0.365821, 22.8169] dstQ3D_point [0.848814, 0.318626, 22.6114]
srcQ3D_point [1.19546, -0.399003, 22.8169] dstQ3D_point [0.81828, 0.291615, 22.6114]
srcQ3D_point [0.680875, -2.15113, 22.6114] dstQ3D_point [0.266263, -1.43591, 22.4095]
srcQ3D_point [0.757211, -0.609149, 22.6114] dstQ3D_point [0.368885, 0.0764962, 22.2112]
srcQ3D_point [0.957673, -0.231643, 23.0263] dstQ3D_point [0.563817, 0.463732, 22.8169]
srcQ3D_point [0.378946, -0.599281, 22.8169] dstQ3D_point [-0.00614813, 0.0931416, 22.6114]
srcQ3D_point [1.25709, -0.337379, 22.8169] dstQ3D_point [0.871937, 0.340484, 22.8169]
srcQ3D_point [0.502193, -0.368191, 22.8169] dstQ3D_point [0.112937, 0.313672, 22.0163]
srcQ3D_point [1.10303, -0.399003, 22.8169] dstQ3D_point [0.71141, 0.291615, 22.6114]
srcQ3D_point [0.656253, -0.399003, 22.8169] dstQ3D_point [0.268662, 0.291615, 22.6114]
srcQ3D_point [0.502193, -0.414409, 22.8169] dstQ3D_point [0.117044, 0.27886, 22.8169]
srcQ3D_point [0.40244, -0.981982, 22.4095] dstQ3D_point [0.0239547, -0.283431, 22.2112]
srcQ3D_point [0.841125, -0.506845, 22.8169] dstQ3D_point [0.447833, 0.183095, 22.4095]
srcQ3D_point [0.764095, -0.506845, 22.8169] dstQ3D_point [0.375532, 0.184745, 22.6114]
srcQ3D_point [0.902749, -0.537657, 22.8169] dstQ3D_point [0.517599, 0.155612, 22.8169]
srcQ3D_point [0.610035, -0.537657, 22.8169] dstQ3D_point [0.22286, 0.154211, 22.6114]
srcQ3D_point [0.640847, -0.553063, 22.8169] dstQ3D_point [0.253394, 0.138943, 22.6114]
srcQ3D_point [0.794907, -0.583875, 22.8169] dstQ3D_point [0.40244, 0.107441, 22.4095]
srcQ3D_point [1.00149, -0.624416, 22.6114] dstQ3D_point [0.614273, 0.0620484, 22.4095]
srcQ3D_point [0.7888, -0.748337, 22.2112] dstQ3D_point [0.410246, -0.0728289, 22.0163]
srcQ3D_point [3.43463, -1.99478, 22.8169] dstQ3D_point [2.98674, -1.31397, 22.6114]
srcQ3D_point [2.61695, -1.15844, 23.0263] dstQ3D_point [2.1886, -0.473653, 22.8169]
srcQ3D_point [3.88234, -1.77362, 22.8169] dstQ3D_point [3.49336, -1.12034, 23.0263]
srcQ3D_point [2.99799, -1.78445, 23.0263] dstQ3D_point [2.55, -1.09936, 22.8169]
srcQ3D_point [3.16674, -1.77356, 23.0263] dstQ3D_point [2.72261, -1.09397, 22.8169]
srcQ3D_point [3.69646, -2.52072, 22.4095] dstQ3D_point [3.27264, -1.8638, 22.4095]
srcQ3D_point [2.48086, -1.29997, 23.0263] dstQ3D_point [2.05914, -0.613899, 22.8169]
srcQ3D_point [2.45291, -1.73586, 22.8169] dstQ3D_point [2.04835, -1.06161, 22.8169]
srcQ3D_point [2.63872, -1.15844, 23.0263] dstQ3D_point [2.21018, -0.479047, 22.8169]
srcQ3D_point [3.14497, -1.71913, 23.0263] dstQ3D_point [2.70104, -1.03464, 22.8169]
srcQ3D_point [3.67096, -2.28684, 22.6114] dstQ3D_point [3.24332, -1.62935, 22.6114]
srcQ3D_point [3.89312, -1.26119, 22.8169] dstQ3D_point [3.47778, -0.608505, 22.8169]
srcQ3D_point [2.55162, -1.32175, 23.0263] dstQ3D_point [2.11008, -0.635095, 22.6114]
srcQ3D_point [3.64033, -1.24554, 23.0263] dstQ3D_point [3.19729, -0.57614, 22.8169]
srcQ3D_point [2.99799, -1.67014, 23.0263] dstQ3D_point [2.56079, -0.986089, 22.8169]
srcQ3D_point [3.23505, -1.87611, 22.8169] dstQ3D_point [2.7943, -1.19637, 22.6114]
srcQ3D_point [2.50807, -1.55582, 23.0263] dstQ3D_point [2.05663, -0.85426, 22.6114]
srcQ3D_point [1.94047, -2.46406, 22.8169] dstQ3D_point [1.50605, -1.75764, 22.6114]
srcQ3D_point [1.96372, 0.115348, 23.0263] dstQ3D_point [1.56828, 0.793952, 22.8169]
srcQ3D_point [2.99828, 0.105428, 23.2395] dstQ3D_point [2.56079, 0.761587, 22.8169]
srcQ3D_point [2.44212, -1.22882, 22.8169] dstQ3D_point [2.01921, -0.549568, 22.6114]
srcQ3D_point [1.96916, 0.00647732, 23.0263] dstQ3D_point [1.57368, 0.680676, 22.8169]
srcQ3D_point [3.65206, -0.0429083, 23.2395] dstQ3D_point [3.22662, 0.616155, 23.0263]
srcQ3D_point [2.5244, -1.31631, 23.0263] dstQ3D_point [2.0969, -0.630081, 22.8169]
srcQ3D_point [2.66049, -1.33808, 23.0263] dstQ3D_point [2.21165, -0.645786, 22.6114]
srcQ3D_point [2.82924, -1.10945, 23.0263] dstQ3D_point [2.3827, -0.426622, 22.6114]
srcQ3D_point [2.5734, -1.39796, 23.0263] dstQ3D_point [2.14545, -0.710992, 22.8169]
srcQ3D_point [2.54618, -1.38707, 23.0263] dstQ3D_point [2.11848, -0.700204, 22.8169]
srcQ3D_point [3.77252, -2.40979, 22.6114] dstQ3D_point [3.34489, -1.7523, 22.6114]
srcQ3D_point [3.52021, -0.405509, 23.2395] dstQ3D_point [3.09053, 0.262324, 23.0263]
srcQ3D_point [2.58973, -0.41812, 23.0263] dstQ3D_point [2.15819, 0.252252, 22.6114]
srcQ3D_point [3.91795, -0.548765, 23.0263] dstQ3D_point [3.48318, 0.108906, 22.8169]
srcQ3D_point [2.56251, -1.37618, 23.0263] dstQ3D_point [2.13466, -0.689416, 22.8169]
srcQ3D_point [3.71654, -1.37618, 23.0263] dstQ3D_point [3.26741, -0.705598, 22.8169]
srcQ3D_point [2.4583, -1.34749, 22.8169] dstQ3D_point [2.05375, -0.673233, 22.8169]
srcQ3D_point [2.44212, -1.91387, 22.8169] dstQ3D_point [2.02678, -1.23422, 22.8169]
srcQ3D_point [3.1865, -2.41552, 22.8169] dstQ3D_point [2.73016, -1.72557, 22.6114]
srcQ3D_point [3.84997, -1.34749, 22.8169] dstQ3D_point [3.43463, -0.689416, 22.8169]
srcQ3D_point [3.67096, -2.26546, 22.6114] dstQ3D_point [3.24332, -1.60797, 22.6114]
srcQ3D_point [2.38818, -1.3421, 22.8169] dstQ3D_point [1.96576, -0.661823, 22.6114]
srcQ3D_point [3.85537, -0.92136, 22.8169] dstQ3D_point [3.45081, -0.268679, 22.8169]
srcQ3D_point [3.38765, -2.5755, 22.6114] dstQ3D_point [2.96001, -1.90732, 22.6114]
srcQ3D_point [2.57697, -0.980695, 22.8169] dstQ3D_point [2.13892, -0.300965, 22.4095]
srcQ3D_point [2.40465, -1.02235, 23.0263] dstQ3D_point [1.98363, -0.344196, 22.8169]
srcQ3D_point [2.39357, -1.33131, 22.8169] dstQ3D_point [1.9711, -0.651132, 22.6114]
srcQ3D_point [3.55867, 0.0559829, 23.2395] dstQ3D_point [3.13408, 0.714139, 23.0263]
srcQ3D_point [2.85746, -2.39933, 22.8169] dstQ3D_point [2.40943, -1.70419, 22.6114]
srcQ3D_point [3.42384, -1.7898, 22.8169] dstQ3D_point [2.97605, -1.11619, 22.6114]
srcQ3D_point [3.47703, -1.12034, 23.0263] dstQ3D_point [3.04086, -0.457471, 22.8169]
srcQ3D_point [3.26199, 0.044995, 23.2395] dstQ3D_point [2.84013, 0.708695, 23.0263]
srcQ3D_point [2.93267, -2.11106, 23.0263] dstQ3D_point [2.50807, -1.43062, 23.0263]
srcQ3D_point [2.92723, -0.532434, 23.0263] dstQ3D_point [2.50685, 0.135876, 22.8169]
srcQ3D_point [2.50426, -1.09856, 23.0263] dstQ3D_point [2.0818, -0.415397, 22.8169]
srcQ3D_point [2.87297, -1.3805, 22.2112] dstQ3D_point [2.45532, -0.705303, 22.0163]
srcQ3D_point [2.57503, -1.40286, 23.0263] dstQ3D_point [2.14491, -0.709913, 22.8169]
srcQ3D_point [2.54672, -1.3887, 23.0263] dstQ3D_point [2.11686, -0.702901, 22.8169]
srcQ3D_point [3.71436, -1.38163, 23.0263] dstQ3D_point [3.26687, -0.709913, 22.8169]
srcQ3D_point [3.16169, -2.11938, 22.8169] dstQ3D_point [2.74095, -1.45321, 22.8169]
srcQ3D_point [2.43942, -1.91603, 22.8169] dstQ3D_point [2.0257, -1.23583, 22.8169]
srcQ3D_point [3.64877, -0.0374145, 23.2395] dstQ3D_point [3.219, 0.621054, 23.0263]
srcQ3D_point [3.55592, 0.0554333, 23.2395] dstQ3D_point [3.13408, 0.71305, 23.0263]
srcQ3D_point [2.58668, -0.969368, 22.8169] dstQ3D_point [2.12892, -0.288325, 22.2112]
srcQ3D_point [2.50426, -1.06318, 23.0263] dstQ3D_point [2.0818, -0.380336, 22.8169]
srcQ3D_point [2.99255, -1.78499, 23.0263] dstQ3D_point [2.55162, -1.09559, 22.8169]
srcQ3D_point [2.48303, -1.08441, 23.0263] dstQ3D_point [2.06076, -0.401373, 22.8169]
srcQ3D_point [3.16239, -1.77792, 23.0263] dstQ3D_point [2.71992, -1.09559, 22.8169]
srcQ3D_point [2.82979, -1.11272, 23.0263] dstQ3D_point [2.3827, -0.425553, 22.6114]
srcQ3D_point [2.93455, 0.233987, 23.2395] dstQ3D_point [2.50253, 0.888887, 22.8169]
srcQ3D_point [3.4313, -1.74961, 23.0263] dstQ3D_point [2.98638, -1.06754, 22.8169]
srcQ3D_point [2.4815, -1.53736, 22.8169] dstQ3D_point [2.05609, -0.856398, 22.6114]
srcQ3D_point [2.94805, -1.29176, 22.2112] dstQ3D_point [2.55214, -0.629631, 22.2112]
srcQ3D_point [2.69533, -1.33209, 23.0263] dstQ3D_point [2.27113, -0.646803, 22.8169]
srcQ3D_point [2.5538, -1.32501, 23.0263] dstQ3D_point [2.12387, -0.63979, 22.8169]
srcQ3D_point [2.52549, -1.31794, 23.0263] dstQ3D_point [2.09582, -0.632778, 22.8169]
srcQ3D_point [2.92327, -1.67761, 22.8169] dstQ3D_point [2.47162, -0.99338, 22.4095]
srcQ3D_point [2.97236, -1.65657, 22.8169] dstQ3D_point [2.53558, -0.981482, 22.6114]
srcQ3D_point [3.36761, -1.2401, 23.0263] dstQ3D_point [2.93028, -0.569668, 22.8169]
srcQ3D_point [2.74487, -1.28963, 23.0263] dstQ3D_point [2.29931, -0.60623, 22.6114]
srcQ3D_point [2.43942, -1.22882, 22.8169] dstQ3D_point [2.02135, -0.550637, 22.6114]
srcQ3D_point [3.42114, -1.7898, 22.8169] dstQ3D_point [2.97338, -1.11351, 22.6114]
srcQ3D_point [3.05624, -0.0724543, 23.0263] dstQ3D_point [2.61897, 0.582067, 22.6114]
srcQ3D_point [3.47305, -1.13182, 23.0263] dstQ3D_point [3.04038, -0.465185, 22.8169]
srcQ3D_point [2.96707, -1.6562, 23.0263] dstQ3D_point [2.52988, -0.966563, 22.8169]
srcQ3D_point [2.55309, -1.38941, 23.0263] dstQ3D_point [2.11966, -0.7022, 22.8169]
srcQ3D_point [2.55309, -1.32501, 23.0263] dstQ3D_point [2.10057, -0.632637, 22.6114]
srcQ3D_point [2.72132, -1.28562, 22.8169] dstQ3D_point [2.29931, -0.605535, 22.6114]
srcQ3D_point [2.99467, -1.78499, 23.0263] dstQ3D_point [2.52516, -1.08433, 22.6114]
srcQ3D_point [3.37186, -1.24222, 23.0263] dstQ3D_point [2.93098, -0.56546, 22.8169]
srcQ3D_point [3.65377, -0.0374147, 23.2395] dstQ3D_point [3.22466, 0.6161, 23.0263]
srcQ3D_point [3.64448, -0.185971, 23.2395] dstQ3D_point [3.21546, 0.478106, 23.0263]
srcQ3D_point [2.81988, -1.24222, 23.0263] dstQ3D_point [2.36255, -0.560366, 22.6114]
srcQ3D_point [2.76468, -1.15942, 23.0263] dstQ3D_point [2.33845, -0.483417, 22.8169]
srcQ3D_point [3.17866, -1.53661, 23.0263] dstQ3D_point [2.71487, -0.849449, 22.6114]
srcQ3D_point [2.781, -0.260249, 23.2395] dstQ3D_point [2.33845, 0.409948, 22.8169]
srcQ3D_point [2.58989, -1.19622, 23.0263] dstQ3D_point [2.16524, -0.510764, 22.8169]
srcQ3D_point [3.04987, -1.80339, 23.0263] dstQ3D_point [2.60281, -1.11242, 22.8169]
srcQ3D_point [3.05907, -1.7206, 23.0263] dstQ3D_point [2.62104, -1.03949, 22.8169]
srcQ3D_point [3.43625, -1.7574, 23.0263] dstQ3D_point [2.98568, -1.07595, 22.8169]
srcQ3D_point [2.64509, -0.331458, 23.0263] dstQ3D_point [2.22906, 0.33702, 22.8169]
srcQ3D_point [3.168, -2.12429, 22.8169] dstQ3D_point [2.73955, -1.44971, 22.8169]
srcQ3D_point [3.67246, -2.28583, 22.6114] dstQ3D_point [3.24787, -1.62636, 22.6114]
srcQ3D_point [2.82908, -1.11342, 23.0263] dstQ3D_point [2.40226, -0.437837, 22.8169]
srcQ3D_point [2.50709, -1.06743, 23.0263] dstQ3D_point [2.0832, -0.383141, 22.8169]
srcQ3D_point [3.42325, -1.787, 22.8169] dstQ3D_point [2.97685, -1.11143, 22.6114]
srcQ3D_point [3.20446, -1.89639, 22.8169] dstQ3D_point [2.76004, -1.21984, 22.6114]
srcQ3D_point [3.35032, -1.88728, 22.8169] dstQ3D_point [2.90458, -1.2108, 22.6114]
srcQ3D_point [3.16947, -1.78499, 23.0263] dstQ3D_point [2.72132, -1.09419, 22.8169]
srcQ3D_point [2.92108, -0.53385, 23.0263] dstQ3D_point [2.50253, 0.127353, 22.8169]
srcQ3D_point [3.38678, -1.86904, 22.8169] dstQ3D_point [2.96745, -1.20358, 22.8169]
srcQ3D_point [2.539, -1.158, 22.8169] dstQ3D_point [2.09972, -0.474784, 22.4095]
srcQ3D_point [2.4795, -1.36181, 23.0263] dstQ3D_point [2.05585, -0.674852, 22.8169]
srcQ3D_point [3.6287, -0.179472, 23.2395] dstQ3D_point [3.20074, 0.479946, 23.0263]
srcQ3D_point [2.9144, -1.37129, 22.2112] dstQ3D_point [2.52217, -0.702193, 22.2112]
srcQ3D_point [2.99743, -0.632285, 23.0263] dstQ3D_point [2.55587, 0.0367708, 22.6114]
srcQ3D_point [3.42797, -1.75648, 23.0263] dstQ3D_point [2.98203, -1.07687, 22.8169]
srcQ3D_point [2.98547, -1.78039, 23.0263] dstQ3D_point [2.54356, -1.10057, 22.8169]
srcQ3D_point [2.92278, -1.68125, 22.8169] dstQ3D_point [2.47486, -0.987801, 22.4095]
srcQ3D_point [3.64077, -0.0346291, 23.2395] dstQ3D_point [3.22466, 0.62346, 23.0263]
srcQ3D_point [3.04527, -1.80431, 23.0263] dstQ3D_point [2.60281, -1.11242, 22.8169]
srcQ3D_point [2.97018, -1.79976, 22.8169] dstQ3D_point [2.53239, -1.12588, 22.6114]
srcQ3D_point [2.56689, -1.39769, 23.0263] dstQ3D_point [2.14063, -0.709493, 22.8169]
srcQ3D_point [2.55541, -0.958358, 22.8169] dstQ3D_point [2.11404, -0.277814, 22.4095]
srcQ3D_point [2.68649, -1.33789, 23.0263] dstQ3D_point [2.23879, -0.644381, 22.6114]
srcQ3D_point [2.74628, -1.30202, 23.0263] dstQ3D_point [2.29751, -0.609149, 22.6114]
srcQ3D_point [3.36818, -1.24222, 23.0263] dstQ3D_point [2.92278, -0.567283, 22.8169]
srcQ3D_point [2.81804, -1.19438, 23.0263] dstQ3D_point [2.3895, -0.50803, 22.8169]
srcQ3D_point [2.75824, -1.17046, 23.0263] dstQ3D_point [2.33024, -0.484328, 22.8169]
srcQ3D_point [3.22466, -1.14654, 23.0263] dstQ3D_point [2.79242, -0.472477, 22.8169]
srcQ3D_point [2.62669, -1.14654, 23.0263] dstQ3D_point [2.22007, -0.464853, 23.0263]
srcQ3D_point [3.47581, -1.13458, 23.0263] dstQ3D_point [3.04129, -0.472477, 22.8169]
srcQ3D_point [2.57911, -0.970209, 22.8169] dstQ3D_point [2.13732, -0.301092, 22.4095]
srcQ3D_point [2.74628, -0.261542, 23.0263] dstQ3D_point [2.33024, 0.416329, 22.8169]
srcQ3D_point [3.19535, -1.89457, 22.8169] dstQ3D_point [2.75552, -1.21984, 22.6114]
srcQ3D_point [2.7702, -0.345258, 23.0263] dstQ3D_point [2.35394, 0.321523, 22.8169]
srcQ3D_point [2.83, -1.11066, 23.0263] dstQ3D_point [2.40135, -0.436925, 22.8169]
srcQ3D_point [3.40406, -1.26614, 23.0263] dstQ3D_point [2.97018, -0.590985, 22.8169]
srcQ3D_point [2.80427, -1.04131, 22.8169] dstQ3D_point [2.35847, -0.359288, 22.4095]
srcQ3D_point [3.55628, 0.0619325, 23.2395] dstQ3D_point [3.12899, 0.719135, 23.0263]
srcQ3D_point [2.91372, -0.536609, 23.0263] dstQ3D_point [2.49615, 0.131911, 22.8169]
srcQ3D_point [2.8312, -1.19558, 23.0263] dstQ3D_point [2.4049, -0.522251, 22.8169]
srcQ3D_point [3.40645, -1.25777, 23.0263] dstQ3D_point [2.97492, -0.583875, 22.8169]
srcQ3D_point [3.32871, -1.18003, 23.0263] dstQ3D_point [2.88249, -0.506845, 22.8169]
srcQ3D_point [3.37535, -1.24222, 23.0263] dstQ3D_point [2.92871, -0.568469, 22.8169]
srcQ3D_point [3.21988, -1.14893, 23.0263] dstQ3D_point [2.79005, -0.476033, 22.8169]
srcQ3D_point [2.94003, -1.30441, 23.0263] dstQ3D_point [2.47484, -0.609149, 22.6114]
srcQ3D_point [2.75346, -1.30441, 23.0263] dstQ3D_point [2.3069, -0.609149, 22.6114]
srcQ3D_point [3.15769, -1.78637, 23.0263] dstQ3D_point [2.71302, -1.10768, 22.8169]
srcQ3D_point [2.85568, -1.47018, 22.0163] dstQ3D_point [2.47603, -0.823322, 22.2112]
srcQ3D_point [2.82086, -1.53905, 22.8169] dstQ3D_point [2.38324, -0.853424, 22.6114]
srcQ3D_point [3.00222, -0.635873, 23.0263] dstQ3D_point [2.57437, 0.0323645, 22.8169]
srcQ3D_point [3.43754, -1.75528, 23.0263] dstQ3D_point [2.99033, -1.07687, 22.8169]
srcQ3D_point [2.89789, -1.77013, 22.8169] dstQ3D_point [2.45957, -1.0977, 22.6114]
Q:
[1, 0, 0, -524.2575187683105;
 0, 1, 0, -513.8100929260254;
 0, 0, 0, 4230.010151898024;
 0, 0, 1.685354893873534, 0]
1, 1, 1, 1, 1, 1, 1, 1, 1, 1, 1, 1, 1, 1, 1, 1, 1, 1, 1, 1, 1, 1, 1, 1, 1, 1, 1, 1, 1, 1, 1, 1, 1, 1, 1, 1, 1, 1, 1, 1, 1, 1, 1, 1, 1, 1, 1, 1, 1, 1, 1, 1, 1, 1, 1, 1, 1, 1, 1, 1, 1, 1, 1, 1, 1, 1, 1, 1, 1, 1, 1, 1, 1, 1, 1, 1, 1, 1, 1, 1, 1, 1, 1, 1, 1, 1, 1, 1, 1, 1, 1, 1, 1, 1, 1, 1, 1, 1, 1, 1, 1, 1, 1, 1, 1, 1, 1, 1, 1, 1, 1, 1, 1, 1, 1, 1, 1, 1, 1, 1, 1, 1, 1, 1, 1, 1, 1, 1, 1, 1, 1, 1, 1, 1, 1, 1, 1, 1, 1, 1, 1, 1, 1, 1, 1, 1, 1, 1, 1, 1, 1, 1, 1, 1, 1, 1, 1, 1, 1, 1, 1, 1, 1, 1, 1, 1, 1, 1, 1, 1, 1, 1, 1, 1, 1, 1, 1, 1, 1, 1, 1, 1, 1, 1, 1, 1, 1, 1, 1, 1, 1, 1, 1, 1, 1, 1, 1, 1, 1, 1, 1, 1, 1, 1, 1, 1, 1, 1, 1, 1, 1, 1, 1, 1, 1, 1, 1, 1, 1, 1, 1, 1, 1, 1, 1, 1, 1, 1, 1, 1, 1, 1, 1, 1, 1, 1, 1, 1, 1, 1, 1, 1, 1, 1, 1, 1, 1, 1, 1, 1, 1, 1, 1, 1, 1, 1, 1, 1, 1, 1, 1, 1, 1, 1, 1, 1, 1, 1, 1, 1, 1, 1, 1, 1, 1, 1, 1, 1, 1, 1, 1, 1, 1, 1, 1, 1, 1, 1, 1, 1, 1, 1, 1, 1, 1, 1, 1, 1, 1, 1, 1, 1, 1, 1, 1, 1, 1, 1, 1, 1, 1, 1, 1, 1, 1, 1, 1, 1, 1, 1, 1, 1, 1, 1, 1, 1, 1, 1, 1, 1, 1, 1, 1, 1, 1, 1, 1, 1, 1, 1, 1, 1, 1, 1, 1, 1, 1, 1, 1, 1, 1, 1, 1, 1, 1, 1, 1, 1, 1, 1, 1, 1, 1, 1, 1, 1, 1, 1, 1, 1, 1, 1, 1, 1, 1, 1, 1, 1, 1, 1, 1, 1, 1, 1, 1, 1, 1, 1, 1, 1, 1, 1, 1, 1, 1, 1, 1, 1, 1, 1, 1, 1, 1, 1, 1, 1, 1, affineTransformationMatrix:
[1.025098113384436, 0.09613325515336854, -0.2665855955032858, 5.722144286528823;
 -0.03685474849848612, 0.93276283387388, 0.1669248741875212, -3.127135290447573;
 -0.7407272515010613, -1.575373469178106, 5.215402991054701, -96.66764881615008]
ransacThreshold: 3 confidence: 0.99
inliers3D:
[]
inlierCount: 407/407
cameraMatrix:
[0.9769909090904003, -0.03831676670534912, -0.4185166824446959;
 0, 0.9425826884368116, -0.1039546334949567;
 0, 0, 5.498263979440137]
rotMatrix:
[0.9894134824840324, 0.01323022803023558, 0.1445196240829849;
 -0.05395764072196529, 0.9579823157942237, 0.281706328706431;
 -0.1347202051903819, -0.2865219776767646, 0.948554491118806]
transVect :
[0.042841210175719;
 -0.001253800217193071;
 -0.9976135999288814;
 -0.0541309886537588]
rotMatrixX :
[1, 0, 0;
 0, 0.9572813749346268, -0.2891580349969035;
 0, 0.2891580349969035, 0.9572813749346268]
rotMatrixY :
[0.9908836795070657, 0, -0.1347202051903819;
 0, 1, 0;
 0.1347202051903819, 0, 0.9908836795070657]
rotMatrixZ :
[0.9985162768814956, -0.05445406139780964, 0;
 0.05445406139780964, 0.9985162768814956, 0;
 0, 0, 1]
EulerAngles :
[-16.80755552523957;
 7.742441027233331;
 -3.121531877873239]
