Baseline (in m) 0.6 focallength (in pixel) 4266.67
graph matches_graph{
"835.png" -- "836.png"[label="Nm=531, Ni=478, C=2.85714"];
}
H between images 0 and 1:
[0.9997376591338866, -0.002838183228527299, -18.07034601945836;
 0.002690600992384691, 1.001274510023544, -104.8884557441688;
 1.030833290924662e-06, 3.537841373607204e-06, 1]
H between images 1 and 0:
[1.000236017431239, 0.002770349127525308, 18.3651885779658;
 -0.002794784985224029, 0.9983493740683425, 104.664821407453;
 -1.02118907959896e-06, -3.534857489001974e-06, 0.9996107810166831]
srcQ3D_point [-0.947524, -0.886332, 22.6114] dstQ3D_point [-1.04374, -1.45295, 22.6114]
srcQ3D_point [-1.05978, -0.886332, 22.6114] dstQ3D_point [-1.16134, -1.45295, 22.6114]
srcQ3D_point [-0.853651, 0.664494, 22.8169] dstQ3D_point [-0.947524, 0.0918881, 22.6114]
srcQ3D_point [-1.30033, -0.576295, 22.6114] dstQ3D_point [-1.39654, -1.14291, 22.6114]
srcQ3D_point [-0.867342, -0.586986, 22.6114] dstQ3D_point [-0.963561, -1.14826, 22.6114]
srcQ3D_point [-1.29498, -1.1643, 22.6114] dstQ3D_point [-1.37878, -1.71546, 22.4095]
srcQ3D_point [-0.875227, -0.328013, 22.8169] dstQ3D_point [-0.963561, -0.891678, 22.6114]
srcQ3D_point [-0.828821, 0.692364, 23.0263] dstQ3D_point [-0.923774, 0.1143, 22.8169]
srcQ3D_point [-0.859045, -0.322619, 22.8169] dstQ3D_point [-0.947524, -0.880987, 22.6114]
srcQ3D_point [-1.27894, -0.266258, 22.6114] dstQ3D_point [-1.37516, -0.832878, 22.6114]
srcQ3D_point [-1.23618, -0.207458, 22.6114] dstQ3D_point [-1.32705, -0.774078, 22.6114]
srcQ3D_point [-1.06402, 0.211393, 22.8169] dstQ3D_point [-1.15065, -0.357131, 22.6114]
srcQ3D_point [-0.853651, 0.642918, 22.8169] dstQ3D_point [-0.942179, 0.0705062, 22.6114]
srcQ3D_point [-1.46603, -0.143312, 22.6114] dstQ3D_point [-1.56225, -0.709932, 22.6114]
srcQ3D_point [-1.40189, -1.3995, 22.6114] dstQ3D_point [-1.48473, -1.94856, 22.4095]
srcQ3D_point [-1.82953, 0.578326, 22.6114] dstQ3D_point [-1.92574, 0.0170515, 22.6114]
srcQ3D_point [-1.16111, -0.101463, 22.8169] dstQ3D_point [-1.24687, -0.667168, 22.6114]
srcQ3D_point [-1.26291, 0.166725, 22.6114] dstQ3D_point [-1.36447, -0.394549, 22.6114]
srcQ3D_point [-1.0856, 0.16824, 22.8169] dstQ3D_point [-1.17738, -0.399895, 22.6114]
srcQ3D_point [-1.06402, 0.173634, 22.8169] dstQ3D_point [-1.15065, -0.389204, 22.6114]
srcQ3D_point [-1.05863, 0.195211, 22.8169] dstQ3D_point [-1.14531, -0.373168, 22.6114]
srcQ3D_point [-0.713405, 0.205999, 22.8169] dstQ3D_point [-0.803197, -0.362477, 22.6114]
srcQ3D_point [-0.984942, -1.20171, 22.6114] dstQ3D_point [-1.08116, -1.76833, 22.6114]
srcQ3D_point [-1.83537, 0.68607, 22.8169] dstQ3D_point [-1.91505, 0.11327, 22.6114]
srcQ3D_point [-0.708011, 0.28691, 22.8169] dstQ3D_point [-0.803197, -0.276949, 22.6114]
srcQ3D_point [-1.13414, 0.31388, 22.8169] dstQ3D_point [-1.22549, -0.255567, 22.6114]
srcQ3D_point [-1.62105, 0.327089, 22.6114] dstQ3D_point [-1.72262, -0.239531, 22.6114]
srcQ3D_point [-1.04784, 0.335456, 22.8169] dstQ3D_point [-1.13996, -0.22884, 22.6114]
srcQ3D_point [-1.14531, 0.123961, 22.6114] dstQ3D_point [-1.24687, -0.442659, 22.6114]
srcQ3D_point [-1.43082, 0.346244, 22.8169] dstQ3D_point [-1.51949, -0.218149, 22.6114]
srcQ3D_point [-1.03165, 0.346244, 22.8169] dstQ3D_point [-1.11858, -0.218149, 22.6114]
srcQ3D_point [-1.0856, 0.718435, 22.8169] dstQ3D_point [-1.17738, 0.145343, 22.6114]
srcQ3D_point [-0.902197, -0.764932, 22.8169] dstQ3D_point [-0.990288, -1.32466, 22.6114]
srcQ3D_point [-1.02236, -0.517495, 22.6114] dstQ3D_point [-1.12392, -1.08411, 22.6114]
srcQ3D_point [-1.218, 0.345798, 22.6114] dstQ3D_point [-1.31529, -0.21708, 22.6114]
srcQ3D_point [-0.871451, -0.33125, 22.8169] dstQ3D_point [-0.960888, -0.891143, 22.6114]
srcQ3D_point [-1.15546, 0.151223, 22.6114] dstQ3D_point [-1.25275, -0.411655, 22.6114]
srcQ3D_point [-1.08182, 0.166622, 22.8169] dstQ3D_point [-1.16936, -0.397757, 22.6114]
srcQ3D_point [-1.42542, 0.643457, 22.8169] dstQ3D_point [-1.51682, 0.0747825, 22.6114]
srcQ3D_point [-1.02572, 0.348941, 22.8169] dstQ3D_point [-1.12072, -0.21708, 22.6114]
srcQ3D_point [-1.07207, -1.34978, 22.6114] dstQ3D_point [-1.15203, -1.90247, 22.4095]
srcQ3D_point [-1.00953, -0.210131, 22.6114] dstQ3D_point [-1.10682, -0.773009, 22.6114]
srcQ3D_point [-0.969623, 0.482174, 22.8169] dstQ3D_point [-1.05818, -0.0850469, 22.6114]
srcQ3D_point [-1.32725, -0.548631, 22.8169] dstQ3D_point [-1.41258, -1.10657, 22.6114]
srcQ3D_point [-1.14493, -0.0928324, 22.8169] dstQ3D_point [-1.2319, -0.654874, 22.6114]
srcQ3D_point [-0.759364, -1.10657, 22.6114] dstQ3D_point [-0.856651, -1.66944, 22.6114]
srcQ3D_point [-0.906513, -0.317225, 22.8169] dstQ3D_point [-0.995633, -0.877245, 22.6114]
srcQ3D_point [-0.857427, -0.317225, 22.8169] dstQ3D_point [-0.94699, -0.877245, 22.6114]
srcQ3D_point [-1.40438, 0.566322, 22.8169] dstQ3D_point [-1.49597, -0.00165759, 22.6114]
srcQ3D_point [-0.850415, 0.643457, 22.8169] dstQ3D_point [-0.94699, 0.0747825, 22.6114]
srcQ3D_point [-0.842753, -0.578434, 22.6114] dstQ3D_point [-0.940041, -1.14131, 22.6114]
srcQ3D_point [-1.05818, -0.891143, 22.6114] dstQ3D_point [-1.15546, -1.45402, 22.6114]
srcQ3D_point [-1.30139, -0.578434, 22.6114] dstQ3D_point [-1.39868, -1.14131, 22.6114]
srcQ3D_point [-1.38478, -1.70419, 22.6114] dstQ3D_point [-1.46884, -2.25371, 22.4095]
srcQ3D_point [-1.00468, 0.86785, 22.8169] dstQ3D_point [-1.10286, 0.306867, 22.8169]
srcQ3D_point [-1.2597, 0.17207, 22.6114] dstQ3D_point [-1.36394, -0.397757, 22.6114]
srcQ3D_point [-1.13792, 0.306867, 22.8169] dstQ3D_point [-1.22495, -0.258775, 22.6114]
srcQ3D_point [-1.36932, 0.692543, 22.8169] dstQ3D_point [-1.45427, 0.123426, 22.6114]
srcQ3D_point [-1.00953, -0.314368, 22.6114] dstQ3D_point [-1.10682, -0.877245, 22.6114]
srcQ3D_point [-1.56546, 0.297154, 22.6114] dstQ3D_point [-1.66275, -0.265724, 22.6114]
srcQ3D_point [-1.12767, 0.352747, 22.6114] dstQ3D_point [-1.22495, -0.210131, 22.6114]
srcQ3D_point [-1.08883, 0.71358, 22.8169] dstQ3D_point [-1.17631, 0.144274, 22.6114]
srcQ3D_point [-1.43829, 0.315916, 22.6114] dstQ3D_point [-1.53766, -0.244182, 22.6114]
srcQ3D_point [-0.904409, -0.319329, 22.8169] dstQ3D_point [-0.995634, -0.885584, 22.6114]
srcQ3D_point [-1.14018, 0.126206, 22.6114] dstQ3D_point [-1.23955, -0.433892, 22.6114]
srcQ3D_point [-1.08673, 0.172933, 22.8169] dstQ3D_point [-1.17631, -0.397757, 22.6114]
srcQ3D_point [-1.42402, 0.33702, 22.8169] dstQ3D_point [-1.51056, -0.235148, 22.6114]
srcQ3D_point [-1.14018, 0.424322, 22.6114] dstQ3D_point [-1.23955, -0.14481, 22.6114]
srcQ3D_point [-1.5196, 0.117172, 22.6114] dstQ3D_point [-1.61897, -0.442926, 22.6114]
srcQ3D_point [-0.968221, 0.482876, 22.8169] dstQ3D_point [-1.05887, -0.0815726, 22.6114]
srcQ3D_point [-1.48783, 0.692543, 22.8169] dstQ3D_point [-1.5738, 0.117172, 22.6114]
srcQ3D_point [-0.814957, -0.551332, 22.6114] dstQ3D_point [-0.914329, -1.11143, 22.6114]
srcQ3D_point [-1.32085, -0.542298, 22.6114] dstQ3D_point [-1.42022, -1.11143, 22.6114]
srcQ3D_point [-1.83578, 0.424322, 22.6114] dstQ3D_point [-1.93515, -0.135776, 22.6114]
srcQ3D_point [-1.38409, -1.65346, 22.6114] dstQ3D_point [-1.47022, -2.2117, 22.4095]
srcQ3D_point [-1.32989, -0.199012, 22.6114] dstQ3D_point [-1.42926, -0.768144, 22.6114]
srcQ3D_point [-1.08673, 0.710775, 22.8169] dstQ3D_point [-1.17631, 0.135239, 22.6114]
srcQ3D_point [-1.69124, -0.33452, 22.6114] dstQ3D_point [-1.79061, -0.894618, 22.6114]
srcQ3D_point [-1.70931, -0.244182, 22.6114] dstQ3D_point [-1.79253, -0.806052, 22.4095]
srcQ3D_point [-0.950464, -0.885584, 22.6114] dstQ3D_point [-1.04984, -1.45472, 22.6114]
srcQ3D_point [-1.82675, 0.577898, 22.6114] dstQ3D_point [-1.92612, 0.0177997, 22.6114]
srcQ3D_point [-0.940873, 0.555803, 22.8169] dstQ3D_point [-1.03177, -0.0093019, 22.6114]
srcQ3D_point [-1.44733, -1.87931, 22.6114] dstQ3D_point [-1.53289, -2.42658, 22.4095]
srcQ3D_point [-1.16877, 0.724449, 22.8169] dstQ3D_point [-1.25219, 0.154211, 22.6114]
srcQ3D_point [-1.18062, 0.42818, 22.8169] dstQ3D_point [-1.27568, -0.151133, 22.6114]
srcQ3D_point [-1.09767, 0.712598, 22.8169] dstQ3D_point [-1.18173, 0.142467, 22.6114]
srcQ3D_point [-1.48874, 0.688896, 22.8169] dstQ3D_point [-1.56928, 0.118979, 22.6114]
srcQ3D_point [-1.13475, 0.424322, 22.6114] dstQ3D_point [-1.24045, -0.139389, 22.6114]
srcQ3D_point [-1.21696, 0.342115, 22.6114] dstQ3D_point [-1.32266, -0.221597, 22.6114]
srcQ3D_point [-1.06429, -1.36076, 22.6114] dstQ3D_point [-1.1479, -1.90729, 22.4095]
srcQ3D_point [-1.3344, -1.02019, 22.6114] dstQ3D_point [-1.42835, -1.5839, 22.6114]
srcQ3D_point [-1.06212, 0.191165, 22.8169] dstQ3D_point [-1.15824, -0.374269, 22.6114]
srcQ3D_point [-1.33468, 0.0252542, 22.8169] dstQ3D_point [-1.41661, -0.538685, 22.6114]
srcQ3D_point [-1.55754, -0.914492, 22.6114] dstQ3D_point [-1.65149, -1.4782, 22.6114]
srcQ3D_point [-1.3344, -0.198109, 22.6114] dstQ3D_point [-1.42835, -0.761821, 22.6114]
srcQ3D_point [-1.01471, -0.211761, 22.8169] dstQ3D_point [-1.09952, -0.773565, 22.6114]
srcQ3D_point [-1.66323, -1.76006, 22.6114] dstQ3D_point [-1.7415, -2.31466, 22.4095]
srcQ3D_point [-1.16999, -0.350781, 22.6114] dstQ3D_point [-1.26394, -0.914492, 22.6114]
srcQ3D_point [-1.39512, 0.617792, 22.8169] dstQ3D_point [-1.48942, 0.04734, 22.6114]
srcQ3D_point [-1.01614, -0.517546, 22.6114] dstQ3D_point [-1.12301, -1.08243, 22.6114]
srcQ3D_point [-1.33675, -0.54808, 22.6114] dstQ3D_point [-1.42835, -1.11297, 22.6114]
srcQ3D_point [-1.13828, 0.413753, 22.6114] dstQ3D_point [-1.24515, -0.151133, 22.6114]
srcQ3D_point [-1.16881, 0.413753, 22.6114] dstQ3D_point [-1.27568, -0.151133, 22.6114]
srcQ3D_point [-1.51996, 0.0778745, 22.6114] dstQ3D_point [-1.61156, -0.487011, 22.6114]
srcQ3D_point [-1.087, 0.340484, 22.8169] dstQ3D_point [-1.16881, -0.227469, 22.6114]
srcQ3D_point [-1.56576, -0.914492, 22.6114] dstQ3D_point [-1.65736, -1.47938, 22.6114]
srcQ3D_point [-1.04078, 0.35589, 22.8169] dstQ3D_point [-1.12301, -0.212202, 22.6114]
srcQ3D_point [-1.33675, -1.02136, 22.6114] dstQ3D_point [-1.42835, -1.58625, 22.6114]
srcQ3D_point [-1.53522, 0.0320729, 22.6114] dstQ3D_point [-1.6421, -0.532813, 22.6114]
srcQ3D_point [-1.27568, 0.184745, 22.6114] dstQ3D_point [-1.38255, -0.380141, 22.6114]
srcQ3D_point [-1.10774, 0.215279, 22.6114] dstQ3D_point [-1.19935, -0.349607, 22.6114]
srcQ3D_point [-1.56459, 0.00155245, 22.8169] dstQ3D_point [-1.65736, -0.563347, 22.6114]
srcQ3D_point [-1.16881, -0.349607, 22.6114] dstQ3D_point [-1.27568, -0.914492, 22.6114]
srcQ3D_point [0.532066, -0.946144, 23.0263] dstQ3D_point [0.426261, -1.49037, 22.6114]
srcQ3D_point [0.937178, -1.19106, 22.8169] dstQ3D_point [0.845479, -1.75205, 22.8169]
srcQ3D_point [1.37582, -0.41812, 23.0263] dstQ3D_point [1.26082, -0.975301, 22.8169]
srcQ3D_point [1.50646, -0.145942, 23.0263] dstQ3D_point [1.39028, -0.705598, 22.8169]
srcQ3D_point [1.43025, -0.51066, 23.0263] dstQ3D_point [1.31476, -1.067, 22.8169]
srcQ3D_point [0.651292, -1.89769, 22.8169] dstQ3D_point [0.554552, -2.44186, 22.6114]
srcQ3D_point [0.489471, -1.04542, 22.8169] dstQ3D_point [0.392377, -1.6118, 22.8169]
srcQ3D_point [1.02743, 0.31676, 23.0263] dstQ3D_point [0.915601, -0.252497, 22.8169]
srcQ3D_point [0.618928, -1.75205, 22.8169] dstQ3D_point [0.517134, -2.29754, 22.6114]
srcQ3D_point [1.47924, -0.167716, 23.0263] dstQ3D_point [1.36331, -0.727174, 22.8169]
srcQ3D_point [1.58267, 0.659703, 23.0263] dstQ3D_point [1.47924, 0.0935741, 23.0263]
srcQ3D_point [0.095704, 0.238363, 22.8169] dstQ3D_point [-0.00678313, -0.328013, 22.8169]
srcQ3D_point [0.786144, -1.7898, 22.8169] dstQ3D_point [0.682843, -2.33495, 22.6114]
srcQ3D_point [-0.141635, -1.11015, 22.8169] dstQ3D_point [-0.236577, -1.66143, 22.6114]
srcQ3D_point [0.424742, -1.09936, 22.8169] dstQ3D_point [0.327649, -1.66574, 22.8169]
srcQ3D_point [1.53912, 0.703252, 23.0263] dstQ3D_point [1.43025, 0.137122, 23.0263]
srcQ3D_point [0.710627, -1.36907, 22.8169] dstQ3D_point [0.613534, -1.93544, 22.8169]
srcQ3D_point [-0.247268, -1.71488, 22.6114] dstQ3D_point [-0.343486, -2.2815, 22.6114]
srcQ3D_point [0.880453, -0.287474, 23.0263] dstQ3D_point [0.775356, -0.851237, 22.8169]
srcQ3D_point [1.55545, 0.131679, 23.0263] dstQ3D_point [1.45747, -0.439894, 23.0263]
srcQ3D_point [0.710627, -0.775721, 22.8169] dstQ3D_point [0.613534, -1.3421, 22.8169]
srcQ3D_point [1.0073, -1.68192, 22.8169] dstQ3D_point [0.902007, -2.22804, 22.6114]
srcQ3D_point [0.991118, -1.39064, 22.8169] dstQ3D_point [0.899419, -1.95702, 22.8169]
srcQ3D_point [1.49013, -0.271144, 23.0263] dstQ3D_point [1.3741, -0.835055, 22.8169]
srcQ3D_point [1.44658, -0.178603, 23.0263] dstQ3D_point [1.33634, -0.737962, 22.8169]
srcQ3D_point [1.3867, -0.260257, 23.0263] dstQ3D_point [1.277, -0.824267, 22.8169]
srcQ3D_point [0.14013, 0.872002, 23.0263] dstQ3D_point [0.0363694, 0.297698, 22.8169]
srcQ3D_point [1.48469, 0.812123, 23.0263] dstQ3D_point [1.37582, 0.24055, 23.0263]
srcQ3D_point [0.591958, -0.236314, 22.8169] dstQ3D_point [0.489471, -0.802691, 22.8169]
srcQ3D_point [0.182009, -0.5222, 22.8169] dstQ3D_point [0.0849159, -1.08858, 22.8169]
srcQ3D_point [1.58811, -1.45239, 23.0263] dstQ3D_point [1.47658, -2.00557, 22.8169]
srcQ3D_point [-0.00678313, -1.20185, 22.8169] dstQ3D_point [-0.10294, -1.7523, 22.6114]
srcQ3D_point [0.834691, -0.0205519, 22.8169] dstQ3D_point [0.732203, -0.586928, 22.8169]
srcQ3D_point [1.02348, -1.42301, 22.8169] dstQ3D_point [0.92639, -1.98938, 22.8169]
srcQ3D_point [0.823902, -2.01635, 22.8169] dstQ3D_point [0.732203, -2.58273, 22.8169]
srcQ3D_point [1.53912, -0.211265, 23.0263] dstQ3D_point [1.42804, -0.775721, 22.8169]
srcQ3D_point [0.43553, -0.932148, 22.8169] dstQ3D_point [0.338437, -1.49852, 22.8169]
srcQ3D_point [0.829297, -1.27737, 22.8169] dstQ3D_point [0.732203, -1.84374, 22.8169]
srcQ3D_point [-0.225886, -1.45295, 22.6114] dstQ3D_point [-0.322105, -2.01957, 22.6114]
srcQ3D_point [1.49013, -0.570539, 23.0263] dstQ3D_point [1.3741, -1.12633, 22.8169]
srcQ3D_point [0.484077, -1.65495, 22.8169] dstQ3D_point [0.383497, -2.20132, 22.6114]
srcQ3D_point [1.599, 0.719582, 23.0263] dstQ3D_point [1.49557, 0.153453, 23.0263]
srcQ3D_point [0.101098, -0.619293, 22.8169] dstQ3D_point [-0.00138907, -1.18567, 22.8169]
srcQ3D_point [0.823902, -1.98938, 22.8169] dstQ3D_point [0.720261, -2.53274, 22.6114]
srcQ3D_point [1.14719, 0.262324, 23.0263] dstQ3D_point [1.03427, -0.301043, 22.8169]
srcQ3D_point [0.591958, -1.49852, 22.8169] dstQ3D_point [0.494865, -2.0703, 22.8169]
srcQ3D_point [0.618928, -0.732568, 22.8169] dstQ3D_point [0.516441, -1.29894, 22.8169]
srcQ3D_point [0.645898, -0.689416, 22.8169] dstQ3D_point [0.548805, -1.25579, 22.8169]
srcQ3D_point [1.4112, -0.313059, 23.0263] dstQ3D_point [1.3002, -0.871196, 22.8169]
srcQ3D_point [1.37582, -0.482898, 23.0263] dstQ3D_point [1.27215, -1.0465, 22.8169]
srcQ3D_point [1.49612, -0.150297, 23.0263] dstQ3D_point [1.38435, -0.709913, 22.8169]
srcQ3D_point [0.542872, -0.408385, 22.8169] dstQ3D_point [0.4447, -0.97638, 22.8169]
srcQ3D_point [1.47489, -0.171527, 23.0263] dstQ3D_point [1.36331, -0.73095, 22.8169]
srcQ3D_point [1.43951, -0.178604, 23.0263] dstQ3D_point [1.32825, -0.744975, 22.8169]
srcQ3D_point [1.00783, -0.659813, 23.0263] dstQ3D_point [0.900498, -1.2148, 22.8169]
srcQ3D_point [0.991658, -1.3901, 22.8169] dstQ3D_point [0.893486, -1.9581, 22.8169]
srcQ3D_point [1.47489, 0.656437, 23.0263] dstQ3D_point [1.37582, 0.0903078, 23.0263]
srcQ3D_point [0.99867, -1.35504, 22.8169] dstQ3D_point [0.900498, -1.92304, 22.8169]
srcQ3D_point [0.880453, -0.291829, 23.0263] dstQ3D_point [0.774277, -0.850159, 22.8169]
srcQ3D_point [1.48197, 0.812123, 23.0263] dstQ3D_point [1.36874, 0.245993, 23.0263]
srcQ3D_point [1.53858, 0.783816, 23.0263] dstQ3D_point [1.43243, 0.21061, 23.0263]
srcQ3D_point [-0.186405, -1.29193, 22.8169] dstQ3D_point [-0.282014, -1.84317, 22.6114]
srcQ3D_point [1.55981, 0.132767, 23.0263] dstQ3D_point [1.44746, -0.429422, 22.8169]
srcQ3D_point [0.4447, -1.06754, 22.8169] dstQ3D_point [0.346528, -1.63553, 22.8169]
srcQ3D_point [0.704154, -0.773024, 22.8169] dstQ3D_point [0.605982, -1.34102, 22.8169]
srcQ3D_point [1.5315, -0.865035, 23.0263] dstQ3D_point [1.41941, -1.41815, 22.8169]
srcQ3D_point [1.5315, 0.705973, 23.0263] dstQ3D_point [1.43243, 0.132767, 23.0263]
srcQ3D_point [0.816351, -1.98615, 22.8169] dstQ3D_point [0.718658, -2.53113, 22.6114]
srcQ3D_point [-0.0110983, -1.20077, 22.8169] dstQ3D_point [-0.101337, -1.75283, 22.6114]
srcQ3D_point [-0.13732, -1.11663, 22.8169] dstQ3D_point [-0.23337, -1.66944, 22.6114]
srcQ3D_point [0.788302, -0.120881, 22.8169] dstQ3D_point [0.683118, -0.688876, 22.8169]
srcQ3D_point [-0.0321353, -1.1587, 22.8169] dstQ3D_point [-0.129133, -1.71114, 22.6114]
srcQ3D_point [-0.0181105, -1.17974, 22.8169] dstQ3D_point [-0.115235, -1.73199, 22.6114]
srcQ3D_point [-0.20043, -1.1587, 22.8169] dstQ3D_point [-0.288963, -1.71114, 22.6114]
srcQ3D_point [0.498316, -0.369672, 23.0263] dstQ3D_point [0.395614, -0.934306, 22.8169]
srcQ3D_point [1.43243, -0.504128, 23.0263] dstQ3D_point [1.32123, -1.06754, 22.8169]
srcQ3D_point [0.648056, -0.688876, 22.8169] dstQ3D_point [0.542872, -1.25687, 22.8169]
srcQ3D_point [0.430675, -1.34803, 22.8169] dstQ3D_point [0.332504, -1.91603, 22.8169]
srcQ3D_point [1.1319, -1.20778, 22.8169] dstQ3D_point [1.03373, -1.76877, 22.8169]
srcQ3D_point [0.830375, -1.2709, 22.8169] dstQ3D_point [0.732203, -1.83889, 22.8169]
srcQ3D_point [0.648056, -1.902, 22.8169] dstQ3D_point [0.551879, -2.44774, 22.6114]
srcQ3D_point [0.181038, -0.492532, 22.8169] dstQ3D_point [0.0807624, -1.05772, 22.8169]
srcQ3D_point [0.536561, -1.68672, 22.8169] dstQ3D_point [0.445401, -2.25191, 22.8169]
srcQ3D_point [1.41544, -0.313059, 23.0263] dstQ3D_point [1.3023, -0.875403, 22.8169]
srcQ3D_point [1.01066, -0.662644, 23.0263] dstQ3D_point [0.901199, -1.21269, 22.8169]
srcQ3D_point [1.45224, -0.30386, 23.0263] dstQ3D_point [1.33877, -0.866287, 22.8169]
srcQ3D_point [1.48904, 0.809291, 23.0263] dstQ3D_point [1.37865, 0.248116, 23.0263]
srcQ3D_point [1.48904, -0.30386, 23.0263] dstQ3D_point [1.38785, -0.865035, 23.0263]
srcQ3D_point [1.42081, -0.155242, 22.8169] dstQ3D_point [1.33265, -0.717841, 23.0263]
srcQ3D_point [1.43384, -0.28546, 23.0263] dstQ3D_point [1.33265, -0.855835, 23.0263]
srcQ3D_point [1.36025, -0.276261, 23.0263] dstQ3D_point [1.24761, -0.838939, 22.8169]
srcQ3D_point [-0.0742089, -1.21269, 22.8169] dstQ3D_point [-0.163879, -1.76187, 22.6114]
srcQ3D_point [1.37865, -0.267061, 23.0263] dstQ3D_point [1.26584, -0.829823, 22.8169]
srcQ3D_point [1.02906, 0.312513, 23.0263] dstQ3D_point [0.919431, -0.255518, 22.8169]
srcQ3D_point [0.974127, -1.34032, 22.8169] dstQ3D_point [0.882967, -1.90551, 22.8169]
srcQ3D_point [1.00147, -1.34943, 22.8169] dstQ3D_point [0.910315, -1.91462, 22.8169]
srcQ3D_point [1.18545, 0.735695, 23.0263] dstQ3D_point [1.07506, 0.16532, 23.0263]
srcQ3D_point [0.536561, -0.948331, 22.8169] dstQ3D_point [0.432355, -1.49989, 22.6114]
srcQ3D_point [0.481865, -1.65938, 22.8169] dstQ3D_point [0.387185, -2.20452, 22.6114]
srcQ3D_point [0.618604, -1.75054, 22.8169] dstQ3D_point [0.522693, -2.29486, 22.6114]
srcQ3D_point [1.44304, -0.193464, 23.0263] dstQ3D_point [1.32965, -0.74778, 22.8169]
srcQ3D_point [0.983064, -0.635045, 23.0263] dstQ3D_point [0.873852, -1.19446, 22.8169]
srcQ3D_point [0.545677, -0.410489, 22.8169] dstQ3D_point [0.445401, -0.975679, 22.8169]
srcQ3D_point [-0.037745, -1.16711, 22.8169] dstQ3D_point [-0.127743, -1.7167, 22.6114]
srcQ3D_point [0.937663, -1.82346, 22.8169] dstQ3D_point [0.838877, -2.36713, 22.6114]
srcQ3D_point [1.03826, -1.15942, 23.0263] dstQ3D_point [0.937663, -1.71407, 22.8169]
srcQ3D_point [0.60588, -0.432654, 23.0263] dstQ3D_point [0.500097, -0.993911, 22.8169]
srcQ3D_point [-0.138021, -1.11242, 22.8169] dstQ3D_point [-0.23615, -1.67153, 22.6114]
srcQ3D_point [0.799072, -0.119868, 23.0263] dstQ3D_point [0.682416, -0.683968, 22.8169]
srcQ3D_point [0.618604, -0.738664, 22.8169] dstQ3D_point [0.518329, -1.30385, 22.8169]
srcQ3D_point [0.76446, -1.90551, 22.8169] dstQ3D_point [0.667234, -2.44844, 22.6114]
srcQ3D_point [1.18545, 0.680497, 23.0263] dstQ3D_point [1.08426, 0.119322, 23.0263]
srcQ3D_point [0.771473, -0.395856, 23.0263] dstQ3D_point [0.664184, -0.957447, 22.8169]
srcQ3D_point [0.645952, -0.693084, 22.8169] dstQ3D_point [0.545677, -1.25827, 22.8169]
srcQ3D_point [0.0989943, -0.456069, 22.8169] dstQ3D_point [-0.00128109, -1.02126, 22.8169]
srcQ3D_point [0.500097, -0.282865, 22.8169] dstQ3D_point [0.399821, -0.848055, 22.8169]
srcQ3D_point [1.36945, -0.414255, 23.0263] dstQ3D_point [1.25672, -0.975679, 22.8169]
srcQ3D_point [0.372473, -0.893635, 22.8169] dstQ3D_point [0.272198, -1.46794, 22.8169]
srcQ3D_point [1.26825, 0.211318, 23.0263] dstQ3D_point [1.15645, -0.355793, 22.8169]
srcQ3D_point [1.03182, -1.1585, 23.0263] dstQ3D_point [0.927635, -1.71681, 22.8169]
srcQ3D_point [0.465456, -1.08872, 22.8169] dstQ3D_point [0.37065, -1.65755, 22.8169]
srcQ3D_point [-0.0441264, -1.19537, 22.8169] dstQ3D_point [-0.137681, -1.74832, 22.6114]
srcQ3D_point [0.99874, -1.34943, 22.8169] dstQ3D_point [0.903934, -1.91827, 22.8169]
srcQ3D_point [0.0980827, -0.436925, 22.8169] dstQ3D_point [0.00327674, -1.00576, 22.8169]
srcQ3D_point [1.37865, -0.29742, 23.0263] dstQ3D_point [1.27131, -0.851701, 22.8169]
srcQ3D_point [1.24709, 0.0733239, 23.0263] dstQ3D_point [1.14095, -0.484328, 22.8169]
srcQ3D_point [1.35473, -0.273501, 23.0263] dstQ3D_point [1.24761, -0.828, 22.8169]
srcQ3D_point [1.36669, -0.237623, 23.0263] dstQ3D_point [1.24761, -0.804299, 22.8169]
srcQ3D_point [0.536561, -1.6931, 22.8169] dstQ3D_point [0.429904, -2.26194, 22.8169]
srcQ3D_point [0.263993, -0.105104, 22.8169] dstQ3D_point [0.169187, -0.67394, 22.8169]
srcQ3D_point [0.951337, -1.82346, 22.8169] dstQ3D_point [0.837071, -2.37075, 22.6114]
srcQ3D_point [0.144175, -1.70134, 22.6114] dstQ3D_point [0.0502233, -2.26505, 22.6114]
srcQ3D_point [1.18622, 0.749935, 23.2395] dstQ3D_point [1.05799, 0.167463, 22.8169]
srcQ3D_point [0.52471, -0.946507, 22.8169] dstQ3D_point [0.426031, -1.50169, 22.6114]
srcQ3D_point [0.445807, -0.883434, 23.0263] dstQ3D_point [0.346949, -1.44424, 22.8169]
srcQ3D_point [0.0384792, -1.46646, 22.6114] dstQ3D_point [-0.0554727, -2.03017, 22.6114]
srcQ3D_point [0.619516, -1.75236, 22.8169] dstQ3D_point [0.519983, -2.30028, 22.6114]
srcQ3D_point [1.29493, 0.228797, 23.0263] dstQ3D_point [1.19925, -0.333298, 23.0263]
srcQ3D_point [0.951337, -1.61015, 22.8169] dstQ3D_point [0.848814, -2.15936, 22.6114]
srcQ3D_point [0.595814, -0.425074, 22.8169] dstQ3D_point [0.501008, -0.993911, 22.8169]
srcQ3D_point [0.0743813, -0.0695518, 22.8169] dstQ3D_point [-0.0322755, -0.638388, 22.8169]
srcQ3D_point [0.429904, -1.30203, 22.8169] dstQ3D_point [0.332079, -1.85401, 22.6114]
srcQ3D_point [0.631367, -0.780597, 22.8169] dstQ3D_point [0.52471, -1.34943, 22.8169]
srcQ3D_point [0.0506799, -1.65755, 22.8169] dstQ3D_point [-0.0437289, -2.20633, 22.6114]
srcQ3D_point [0.856531, -1.82346, 22.8169] dstQ3D_point [0.761725, -2.3923, 22.8169]
srcQ3D_point [1.04378, 0.336432, 23.0263] dstQ3D_point [0.927635, -0.235462, 22.8169]
srcQ3D_point [0.610035, -1.24633, 22.8169] dstQ3D_point [0.517599, -1.81635, 22.8169]
srcQ3D_point [1.13384, -1.35417, 22.8169] dstQ3D_point [1.0414, -1.92419, 22.8169]
srcQ3D_point [0.979779, -1.35417, 22.8169] dstQ3D_point [0.887343, -1.90879, 22.8169]
srcQ3D_point [1.01059, -1.44661, 22.8169] dstQ3D_point [0.918155, -2.01663, 22.8169]
srcQ3D_point [0.0396534, -1.46411, 22.6114] dstQ3D_point [-0.0519497, -2.029, 22.6114]
srcQ3D_point [0.070826, -1.50823, 22.8169] dstQ3D_point [-0.0214152, -2.05953, 22.6114]
srcQ3D_point [0.717877, -0.414409, 22.8169] dstQ3D_point [0.610035, -0.98443, 22.8169]
srcQ3D_point [0.671659, -1.72392, 22.8169] dstQ3D_point [0.579223, -2.29394, 22.8169]
srcQ3D_point [0.13245, -1.6777, 22.8169] dstQ3D_point [0.0396534, -2.22747, 22.6114]
srcQ3D_point [1.15979, -0.0450751, 23.0263] dstQ3D_point [1.0414, -0.614687, 22.8169]
srcQ3D_point [0.348134, -1.07687, 22.8169] dstQ3D_point [0.240292, -1.64689, 22.8169]
srcQ3D_point [0.486787, -0.352785, 22.8169] dstQ3D_point [0.378946, -0.922806, 22.8169]
srcQ3D_point [0.533005, -0.953618, 22.8169] dstQ3D_point [0.4366, -1.50991, 22.6114]
srcQ3D_point [2.91587, 0.753715, 23.2395] dstQ3D_point [2.80599, 0.182344, 23.2395]
srcQ3D_point [2.8884, 0.676799, 23.2395] dstQ3D_point [2.78402, 0.110922, 23.2395]
srcQ3D_point [2.86093, 0.676799, 23.2395] dstQ3D_point [2.73126, 0.104461, 23.0263]
srcQ3D_point [2.86643, 0.687787, 23.2395] dstQ3D_point [2.7367, 0.120792, 23.0263]
srcQ3D_point [3.29496, 0.264753, 23.2395] dstQ3D_point [3.15586, -0.303805, 23.0263]
srcQ3D_point [3.1686, 0.468029, 23.2395] dstQ3D_point [3.0361, -0.102394, 23.0263]
srcQ3D_point [2.29506, 0.913039, 23.2395] dstQ3D_point [2.16513, 0.338534, 23.0263]
srcQ3D_point [2.32253, 0.946003, 23.2395] dstQ3D_point [2.19779, 0.371195, 23.0263]
srcQ3D_point [3.18508, 0.457041, 23.2395] dstQ3D_point [3.05243, -0.113281, 23.0263]
srcQ3D_point [2.77303, -0.3231, 23.2395] dstQ3D_point [2.64961, -0.886265, 23.0263]
srcQ3D_point [2.76204, -0.334088, 23.2395] dstQ3D_point [2.63328, -0.897152, 23.0263]
srcQ3D_point [2.54618, -0.331023, 23.0263] dstQ3D_point [2.44275, -0.897152, 23.0263]
srcQ3D_point [2.72359, 0.468029, 23.2395] dstQ3D_point [2.59517, -0.102394, 23.0263]
srcQ3D_point [2.97081, 0.874582, 23.2395] dstQ3D_point [2.86093, 0.303211, 23.2395]
srcQ3D_point [2.72359, -0.361558, 23.2395] dstQ3D_point [2.60061, -0.92437, 23.0263]
srcQ3D_point [2.88291, 0.665812, 23.2395] dstQ3D_point [2.77853, 0.0944405, 23.2395]
srcQ3D_point [2.72908, 0.429572, 23.2395] dstQ3D_point [2.60061, -0.140499, 23.0263]
srcQ3D_point [2.33901, 0.880076, 23.2395] dstQ3D_point [2.22501, 0.300429, 23.0263]
srcQ3D_point [3.11366, 0.402102, 23.2395] dstQ3D_point [3.00927, -0.163775, 23.2395]
srcQ3D_point [3.22354, 0.495499, 23.2395] dstQ3D_point [3.08509, -0.0751759, 23.0263]
srcQ3D_point [2.96532, -1.15269, 23.2395] dstQ3D_point [2.84013, -1.70824, 23.0263]
srcQ3D_point [2.93785, -1.14719, 23.2395] dstQ3D_point [2.81291, -1.69735, 23.0263]
srcQ3D_point [3.17958, 0.500993, 23.2395] dstQ3D_point [3.04154, -0.0642888, 23.0263]
srcQ3D_point [2.95983, -1.1362, 23.2395] dstQ3D_point [2.83469, -1.69191, 23.0263]
srcQ3D_point [3.33891, -1.13071, 23.2395] dstQ3D_point [3.21029, -1.68647, 23.0263]
srcQ3D_point [3.13014, 0.517475, 23.2395] dstQ3D_point [2.99799, -0.0479582, 23.0263]
srcQ3D_point [3.77842, 0.198826, 23.2395] dstQ3D_point [3.67404, -0.372545, 23.2395]
srcQ3D_point [2.84445, 0.627354, 23.2395] dstQ3D_point [2.71493, 0.0554693, 23.0263]
srcQ3D_point [3.50373, 0.369138, 23.2395] dstQ3D_point [3.39934, -0.196739, 23.2395]
srcQ3D_point [3.35539, -1.11972, 23.2395] dstQ3D_point [3.22662, -1.67558, 23.0263]
srcQ3D_point [3.31372, -1.48506, 23.0263] dstQ3D_point [3.21574, -2.05118, 23.0263]
srcQ3D_point [3.24551, 0.237283, 23.2395] dstQ3D_point [3.11231, -0.320136, 23.0263]
srcQ3D_point [2.27858, 0.847112, 23.2395] dstQ3D_point [2.1488, 0.273211, 23.0263]
srcQ3D_point [2.89939, 0.59439, 23.2395] dstQ3D_point [2.78951, 0.0230191, 23.2395]
srcQ3D_point [3.26199, 0.286729, 23.2395] dstQ3D_point [3.15761, -0.284642, 23.2395]
srcQ3D_point [2.21265, 0.275741, 23.2395] dstQ3D_point [2.08892, -0.298361, 23.0263]
srcQ3D_point [3.65756, 0.270247, 23.2395] dstQ3D_point [3.54768, -0.29563, 23.2395]
srcQ3D_point [3.03674, 0.913039, 23.2395] dstQ3D_point [2.93236, 0.341668, 23.2395]
srcQ3D_point [3.24002, -0.828543, 23.2395] dstQ3D_point [3.13563, -1.39442, 23.2395]
srcQ3D_point [2.37197, 0.473523, 23.2395] dstQ3D_point [2.24134, -0.0969501, 23.0263]
srcQ3D_point [2.85544, -1.03182, 23.2395] dstQ3D_point [2.73126, -1.58848, 23.0263]
srcQ3D_point [2.38296, 0.402102, 23.2395] dstQ3D_point [2.26311, -0.162273, 23.0263]
srcQ3D_point [2.2566, 0.956991, 23.2395] dstQ3D_point [2.12703, 0.382082, 23.0263]
srcQ3D_point [2.13024, 0.64933, 23.2395] dstQ3D_point [2.00727, 0.0772435, 23.0263]
srcQ3D_point [2.05626, -0.243926, 23.0263] dstQ3D_point [1.95828, -0.810055, 23.0263]
srcQ3D_point [3.32243, -1.1417, 23.2395] dstQ3D_point [3.19396, -1.69735, 23.0263]
srcQ3D_point [2.36318, 0.469677, 23.2395] dstQ3D_point [2.23535, -0.100761, 23.0263]
srcQ3D_point [3.17024, 0.519672, 23.2395] dstQ3D_point [3.06311, -0.0516986, 23.2395]
srcQ3D_point [2.39175, 0.405398, 23.2395] dstQ3D_point [2.26366, -0.16445, 23.0263]
srcQ3D_point [2.2212, 0.897042, 23.0263] dstQ3D_point [2.11505, 0.330913, 23.0263]
srcQ3D_point [3.13453, 0.519672, 23.2395] dstQ3D_point [3.0274, -0.0516986, 23.2395]
srcQ3D_point [3.61306, 0.355403, 23.2395] dstQ3D_point [3.47376, -0.20691, 23.0263]
srcQ3D_point [2.72743, -0.358811, 23.2395] dstQ3D_point [2.59626, -0.921648, 23.0263]
srcQ3D_point [3.23452, -0.823049, 23.2395] dstQ3D_point [3.13453, -1.39442, 23.2395]
srcQ3D_point [3.27738, 0.226845, 23.2395] dstQ3D_point [3.14116, -0.341366, 23.0263]
srcQ3D_point [3.3488, -1.11588, 23.2395] dstQ3D_point [3.219, -1.67177, 23.0263]
srcQ3D_point [2.84171, 0.626804, 23.2395] dstQ3D_point [2.70949, 0.0549247, 23.0263]
srcQ3D_point [3.22024, 0.498246, 23.2395] dstQ3D_point [3.08455, -0.0724543, 23.0263]
srcQ3D_point [2.99169, 0.883921, 23.2395] dstQ3D_point [2.88456, 0.31255, 23.2395]
srcQ3D_point [3.14168, 0.498246, 23.2395] dstQ3D_point [3.03454, -0.0731252, 23.2395]
srcQ3D_point [3.10596, 0.398256, 23.2395] dstQ3D_point [3.00597, -0.165973, 23.2395]
srcQ3D_point [2.21412, 0.875812, 23.0263] dstQ3D_point [2.10797, 0.309683, 23.0263]
srcQ3D_point [2.15043, -0.235216, 23.0263] dstQ3D_point [2.05136, -0.801345, 23.0263]
srcQ3D_point [2.96312, 0.876779, 23.2395] dstQ3D_point [2.85599, 0.305408, 23.2395]
srcQ3D_point [2.34176, 0.876779, 23.2395] dstQ3D_point [2.2212, 0.302606, 23.0263]
srcQ3D_point [3.25595, 0.283982, 23.2395] dstQ3D_point [3.12701, -0.284753, 23.0263]
srcQ3D_point [2.77743, -0.351668, 23.2395] dstQ3D_point [2.65287, -0.907495, 23.0263]
srcQ3D_point [2.87742, 0.555383, 23.2395] dstQ3D_point [2.74487, -0.0158413, 23.0263]
srcQ3D_point [2.1632, 0.776789, 23.2395] dstQ3D_point [2.03721, 0.203534, 23.0263]
srcQ3D_point [3.66305, 0.733936, 23.2395] dstQ3D_point [3.55592, 0.169707, 23.2395]
srcQ3D_point [2.44765, -1.1481, 23.0263] dstQ3D_point [2.34858, -1.71423, 23.0263]
srcQ3D_point [3.1631, 0.491104, 23.2395] dstQ3D_point [3.03501, -0.0795309, 23.0263]
srcQ3D_point [2.27748, 0.848211, 23.2395] dstQ3D_point [2.15043, 0.2743, 23.0263]
srcQ3D_point [2.54672, -0.334289, 23.0263] dstQ3D_point [2.44057, -0.893341, 23.0263]
srcQ3D_point [3.09882, 0.441109, 23.2395] dstQ3D_point [2.99169, -0.130262, 23.2395]
srcQ3D_point [2.90763, -1.13395, 23.0263] dstQ3D_point [2.80856, -1.70008, 23.0263]
srcQ3D_point [2.31319, 0.862495, 23.2395] dstQ3D_point [2.18582, 0.288453, 23.0263]
srcQ3D_point [2.756, -0.337384, 23.2395] dstQ3D_point [2.63164, -0.900418, 23.0263]
srcQ3D_point [3.18453, 0.462535, 23.2395] dstQ3D_point [3.04916, -0.107837, 23.0263]
srcQ3D_point [3.311, -1.48778, 23.0263] dstQ3D_point [3.21193, -2.05391, 23.0263]
srcQ3D_point [3.67734, 0.698226, 23.2395] dstQ3D_point [3.5702, 0.133997, 23.2395]
srcQ3D_point [3.31666, -1.49061, 23.0263] dstQ3D_point [3.21546, -2.06098, 23.0263]
srcQ3D_point [3.23595, 0.241129, 23.2395] dstQ3D_point [3.10507, -0.322259, 23.0263]
srcQ3D_point [2.20534, 0.268983, 23.2395] dstQ3D_point [2.08391, -0.29466, 23.0263]
srcQ3D_point [3.26381, 0.278268, 23.2395] dstQ3D_point [3.12347, -0.28546, 23.0263]
srcQ3D_point [3.34426, -1.50901, 23.0263] dstQ3D_point [3.24306, -2.07938, 23.0263]
srcQ3D_point [3.6352, 0.770361, 23.2395] dstQ3D_point [3.52378, 0.20399, 23.2395]
srcQ3D_point [3.61663, 0.352546, 23.2395] dstQ3D_point [3.51449, -0.213825, 23.2395]
srcQ3D_point [3.24524, -1.08659, 23.2395] dstQ3D_point [3.11427, -1.6378, 23.0263]
srcQ3D_point [3.11525, 0.389685, 23.2395] dstQ3D_point [2.98547, -0.175065, 23.0263]
srcQ3D_point [2.85528, 0.584665, 23.2395] dstQ3D_point [2.74386, 0.0182941, 23.2395]
srcQ3D_point [2.91098, 0.742507, 23.2395] dstQ3D_point [2.79957, 0.176135, 23.2395]
srcQ3D_point [3.12453, 0.445394, 23.2395] dstQ3D_point [3.0224, -0.120978, 23.2395]
srcQ3D_point [3.22667, 0.463963, 23.2395] dstQ3D_point [3.11525, -0.111693, 23.2395]
srcQ3D_point [3.21738, 0.501103, 23.2395] dstQ3D_point [3.08667, -0.0738697, 23.0263]
srcQ3D_point [2.4519, -1.15022, 23.0263] dstQ3D_point [2.3507, -1.7114, 23.0263]
srcQ3D_point [3.23595, -0.826621, 23.2395] dstQ3D_point [3.13382, -1.39299, 23.2395]
srcQ3D_point [2.4427, -1.01223, 23.0263] dstQ3D_point [2.3415, -1.5826, 23.0263]
srcQ3D_point [2.9017, 0.59395, 23.2395] dstQ3D_point [2.79957, 0.0275789, 23.2395]
srcQ3D_point [3.69091, -1.05874, 23.2395] dstQ3D_point [3.52352, -1.59556, 22.8169]
srcQ3D_point [2.92955, 0.705368, 23.2395] dstQ3D_point [2.82742, 0.138996, 23.2395]
srcQ3D_point [2.84599, 0.631089, 23.2395] dstQ3D_point [2.70949, 0.0549247, 23.0263]
srcQ3D_point [2.93884, 0.668229, 23.2395] dstQ3D_point [2.83671, 0.101857, 23.2395]
srcQ3D_point [2.88313, 0.668229, 23.2395] dstQ3D_point [2.74628, 0.100922, 23.0263]
srcQ3D_point [3.30094, 0.250414, 23.2395] dstQ3D_point [3.18953, -0.325243, 23.2395]
srcQ3D_point [3.21831, 0.460249, 23.2395] dstQ3D_point [3.08115, -0.106068, 23.0263]
srcQ3D_point [3.1821, 0.460249, 23.2395] dstQ3D_point [3.04527, -0.106068, 23.0263]
srcQ3D_point [3.10968, 0.387828, 23.2395] dstQ3D_point [3.00105, -0.179472, 23.2395]
srcQ3D_point [3.26659, 0.267126, 23.2395] dstQ3D_point [3.12899, -0.29742, 23.0263]
srcQ3D_point [2.84413, 0.629232, 23.2395] dstQ3D_point [2.71041, 0.0613643, 23.0263]
srcQ3D_point [2.86827, 0.689584, 23.2395] dstQ3D_point [2.73432, 0.109202, 23.0263]
srcQ3D_point [2.45926, -1.11066, 23.0263] dstQ3D_point [2.36358, -1.67276, 23.0263]
srcQ3D_point [2.95277, -1.15716, 23.2395] dstQ3D_point [2.83, -1.70864, 23.0263]
srcQ3D_point [3.23038, -0.831263, 23.2395] dstQ3D_point [3.12175, -1.39856, 23.2395]
srcQ3D_point [3.09761, 0.436109, 23.2395] dstQ3D_point [2.98898, -0.131191, 23.2395]
srcQ3D_point [2.92863, 0.665443, 23.2395] dstQ3D_point [2.83206, 0.0981432, 23.2395]
srcQ3D_point [3.66491, 0.737864, 23.2395] dstQ3D_point [3.55628, 0.170564, 23.2395]
srcQ3D_point [3.67698, 0.701654, 23.2395] dstQ3D_point [3.56835, 0.134354, 23.2395]
srcQ3D_point [2.8562, 0.593022, 23.2395] dstQ3D_point [2.74757, 0.0257219, 23.2395]
srcQ3D_point [3.30838, -1.49337, 23.0263] dstQ3D_point [3.2127, -2.05546, 23.0263]
srcQ3D_point [2.90448, 0.737864, 23.2395] dstQ3D_point [2.79585, 0.170564, 23.2395]
srcQ3D_point [3.49593, 0.351618, 23.2395] dstQ3D_point [3.38729, -0.215682, 23.2395]
srcQ3D_point [3.23038, -1.08474, 23.2395] dstQ3D_point [3.10507, -1.63688, 23.0263]
srcQ3D_point [2.43534, -0.931272, 23.0263] dstQ3D_point [2.33966, -1.49337, 23.0263]
srcQ3D_point [2.39946, -0.716002, 23.0263] dstQ3D_point [2.30378, -1.29006, 23.0263]
srcQ3D_point [3.07347, 0.653373, 23.2395] dstQ3D_point [2.96484, 0.0860728, 23.2395]
srcQ3D_point [2.88879, 0.629232, 23.2395] dstQ3D_point [2.77895, 0.0643465, 23.2395]
srcQ3D_point [2.84172, 0.629232, 23.2395] dstQ3D_point [2.70682, 0.0637562, 23.0263]
srcQ3D_point [3.29677, -1.12819, 23.2395] dstQ3D_point [3.15769, -1.67754, 23.0263]
srcQ3D_point [2.48916, -1.21112, 23.0263] dstQ3D_point [2.39587, -1.77083, 23.0263]
srcQ3D_point [2.45806, -1.18003, 23.0263] dstQ3D_point [2.36478, -1.73973, 23.0263]
srcQ3D_point [2.93587, -1.12819, 23.2395] dstQ3D_point [2.84172, -1.69308, 23.2395]
srcQ3D_point [3.10847, -0.469157, 23.2395] dstQ3D_point [2.97112, -1.02456, 23.0263]
srcQ3D_point [3.50075, 0.346789, 23.2395] dstQ3D_point [3.39091, -0.218096, 23.2395]
srcQ3D_point [2.47361, -1.28886, 23.0263] dstQ3D_point [2.38032, -1.84856, 23.0263]
srcQ3D_point [2.42697, -1.02456, 23.0263] dstQ3D_point [2.33368, -1.59981, 23.0263]
srcQ3D_point [3.25097, -1.49098, 23.0263] dstQ3D_point [3.12898, -2.03204, 22.8169]
srcQ3D_point [3.234, 0.409554, 23.2395] dstQ3D_point [3.12416, -0.155331, 23.2395]
Q:
[1, 0, 0, -524.2575187683105;
 0, 1, 0, -513.8100929260254;
 0, 0, 0, 4230.010151898024;
 0, 0, 1.685354893873534, 0]
1, 1, 1, 1, 1, 1, 1, 1, 1, 1, 1, 1, 1, 1, 1, 1, 1, 1, 1, 1, 1, 1, 1, 1, 1, 1, 1, 1, 1, 1, 1, 1, 1, 1, 1, 1, 1, 1, 1, 1, 1, 1, 1, 1, 1, 1, 1, 1, 1, 1, 1, 1, 1, 1, 1, 1, 1, 1, 1, 1, 1, 1, 1, 1, 1, 1, 1, 1, 1, 1, 1, 1, 1, 1, 1, 1, 1, 1, 1, 1, 1, 1, 1, 1, 1, 1, 1, 1, 1, 1, 1, 1, 1, 1, 1, 1, 1, 1, 1, 1, 1, 1, 1, 1, 1, 1, 1, 1, 1, 1, 1, 1, 1, 1, 1, 1, 1, 1, 1, 1, 1, 1, 1, 1, 1, 1, 1, 1, 1, 1, 1, 1, 1, 1, 1, 1, 1, 1, 1, 1, 1, 1, 1, 1, 1, 1, 1, 1, 1, 1, 1, 1, 1, 1, 1, 1, 1, 1, 1, 1, 1, 1, 1, 1, 1, 1, 1, 1, 1, 1, 1, 1, 1, 1, 1, 1, 1, 1, 1, 1, 1, 1, 1, 1, 1, 1, 1, 1, 1, 1, 1, 1, 1, 1, 1, 1, 1, 1, 1, 1, 1, 1, 1, 1, 1, 1, 1, 1, 1, 1, 1, 1, 1, 1, 1, 1, 1, 1, 1, 1, 1, 1, 1, 1, 1, 1, 1, 1, 1, 1, 1, 1, 1, 1, 1, 1, 1, 1, 1, 1, 1, 1, 1, 1, 1, 1, 1, 1, 1, 1, 1, 1, 1, 1, 1, 1, 1, 1, 1, 1, 1, 1, 1, 1, 1, 1, 1, 1, 1, 1, 1, 1, 1, 1, 1, 1, 1, 1, 1, 1, 1, 1, 1, 1, 1, 1, 1, 1, 1, 1, 1, 1, 1, 1, 1, 1, 1, 1, 1, 1, 1, 1, 1, 1, 1, 1, 1, 1, 1, 1, 1, 1, 1, 1, 1, 1, 1, 1, 1, 1, 1, 1, 1, 1, 1, 1, 1, 1, 1, 1, 1, 1, 1, 1, 1, 1, 1, 1, 1, 1, 1, 1, 1, 1, 1, 1, 1, 1, 1, 1, 1, 1, 1, 1, 1, 1, 1, 1, 1, 1, 1, 1, 1, 1, 1, 1, 1, 1, 1, 1, 1, 1, 1, 1, 1, 1, 1, 1, 1, 1, 1, 1, 1, 1, 1, 1, 1, 1, 1, 1, 1, 1, 1, 1, 1, 1, 1, 1, 1, 1, 1, 1, 1, 1, 1, 1, 1, 1, 1, 1, affineTransformationMatrix:
[0.9325617115695898, -0.03986867880231712, 0.5426074184878069, -12.50228177555402;
 -0.01020908586428927, 0.9827382844606631, 0.0949388825119428, -2.734233716763915;
 -0.07046060527850379, 0.01320525181267354, 1.757216920097027, -17.40390359957071]
ransacThreshold: 3 confidence: 0.99
inliers3D:
[]
inlierCount: 410/410
cameraMatrix:
[0.9532481954399491, -0.04986872534142885, 0.5044944560214202;
 0, 0.9820160583433711, 0.1026480089784318;
 0, 0, 1.758678589125065]
rotMatrix:
[0.9991778084896198, 0.006514069239815973, 0.04001592087931179;
 -0.006208190878466677, 0.9999505925322322, -0.007763430971771105;
 -0.04006451532087944, 0.007508621469738307, 0.9991688822294893]
transVect :
[-0.5873108977040423;
 -0.1458242717031341;
 -0.7923125718829841;
 -0.07773017211156533]
rotMatrixX :
[1, 0, 0;
 0, 0.9999717645813155, 0.007514655023997068;
 0, -0.007514655023997068, 0.9999717645813155]
rotMatrixY :
[0.9991970949778143, 0, -0.04006451532087944;
 0, 1, 0;
 0.04006451532087944, 0, 0.9991970949778143]
rotMatrixZ :
[0.9999806980141441, -0.00621317947146806, 0;
 0.00621317947146806, 0.9999806980141441, 0;
 0, 0, 1]
EulerAngles :
[0.4305620697476376;
 2.296142197057498;
 -0.3559912515233008]
